Time_s	F1_Hz	F2_Hz	F3_Hz	F4_Hz
0.912697	765.583593	1655.232257	3347.501786	--undefined--
0.918947	724.192427	1680.724027	3411.413732	--undefined--
0.925197	816.911082	1770.925833	3493.629376	--undefined--
0.931447	925.764402	1673.403205	3354.171182	--undefined--
0.937697	825.168302	1576.059541	3223.228021	--undefined--
0.943947	719.080869	1674.175449	3115.731242	--undefined--
0.950197	1069.189132	2079.555481	3310.032166	--undefined--
0.956447	1159.960455	2286.682776	3564.340640	--undefined--
0.962697	1140.214865	2178.798132	3577.373313	--undefined--
0.968947	1046.504915	1892.406010	3444.707253	--undefined--
0.975197	401.638870	1621.481049	3083.046741	--undefined--
0.981447	687.476744	1362.023439	3137.937122	--undefined--
0.987697	1296.016161	1649.341442	3429.693475	--undefined--
0.993947	1193.609079	2170.112894	3426.744084	--undefined--
1.000197	1181.897347	2340.772916	3439.668239	--undefined--
1.006447	1077.023193	1770.257813	3249.659260	--undefined--
1.012697	1046.850779	1448.249228	3786.741886	--undefined--
1.018947	254.842619	1623.992013	3425.634102	--undefined--
1.025197	249.934533	985.379457	2937.878398	--undefined--
1.031447	238.400445	918.135837	2848.628267	--undefined--
1.037697	229.468136	1015.778884	3264.657835	--undefined--
1.043947	264.750857	1598.917917	3367.563607	--undefined--
1.050197	150.873029	1810.051706	2984.260191	--undefined--
1.056447	1485.577638	3100.389189	--undefined--	--undefined--
1.062697	1244.565048	2330.400923	3531.753891	--undefined--
1.068947	1387.177359	2282.635457	3575.678807	--undefined--
1.075197	1062.608598	2540.206969	3819.036594	--undefined--
1.081447	1309.037837	2618.116310	3959.108226	--undefined--
1.087697	1343.119372	2416.960928	3782.184948	--undefined--
1.093947	1347.885814	2616.979838	3693.261013	--undefined--
1.100197	1380.280125	2791.810554	3587.065049	--undefined--
1.106447	1477.326642	2980.270283	3223.541182	--undefined--
1.112697	1359.337485	2882.942189	3331.095635	--undefined--
1.118947	1325.779230	2695.081675	3459.167819	--undefined--
1.125197	1235.962475	2690.825437	3339.490019	--undefined--
1.131447	547.741844	2005.592659	3106.778398	--undefined--
1.137697	1502.490065	2037.990495	3374.084635	--undefined--
1.143947	1294.135257	2655.909441	3710.250186	--undefined--
1.150197	771.826188	2017.895181	3609.996645	4054.173267
1.156447	726.025229	2035.312412	3759.387808	4107.867683
1.162697	728.170415	1948.290258	3927.909739	4063.554545
1.168947	710.876533	1746.670288	2820.149008	4443.465960
1.175197	797.621844	1725.150731	2900.436886	4578.801505
1.181447	726.372009	1680.911992	3240.010124	--undefined--
1.187697	425.256161	1268.422910	2679.101811	4483.976077
1.193947	383.143501	1194.581599	3135.823572	4332.255937
1.200197	401.530821	1191.767091	3018.883024	4203.890916
1.206447	405.698143	1170.903434	2987.523913	4265.732959
1.212697	376.642887	1163.213542	3407.493775	4213.651154
1.218947	321.579495	1137.654523	3347.604415	4169.684262
1.225197	221.520141	1116.949006	3177.362603	4087.277449
1.231447	1082.950763	2773.656730	4194.281233	--undefined--
1.237697	1011.998865	2643.627989	4257.220249	--undefined--
1.243947	917.696424	2620.748167	4275.069636	--undefined--
1.250197	901.603933	2628.829892	4250.324200	--undefined--
1.256447	875.103980	2651.644718	4296.822166	--undefined--
1.262697	256.173823	865.858986	2695.195790	4355.843665
1.268947	643.577978	1106.919285	2587.394544	4447.658390
1.275197	813.288950	1322.648475	2367.870727	4337.841410
1.281447	570.951672	1436.239635	3251.883866	3521.168121
1.287697	451.954372	1392.594011	3210.050380	--undefined--
1.293947	422.209656	1266.720389	2695.900177	--undefined--
1.300197	463.406556	1095.778455	2678.016056	4787.636718
1.306447	294.491995	1454.798039	2699.080259	4805.437103
1.312697	234.910194	1865.236648	2701.396754	4870.119910
1.318947	232.688313	2116.563377	2599.666152	4935.870070
1.325197	237.422620	1984.950864	2549.552988	4996.189131
1.331447	239.227477	1760.052104	2560.527165	4579.398621
1.337697	245.002685	1758.793334	2568.126901	4722.684540
1.343947	255.824754	2006.092869	2636.288628	4710.100712
1.350197	266.343776	2611.305913	2808.699067	4761.620353
1.356447	270.966503	2591.332343	3666.172742	--undefined--
1.362697	281.491258	2609.849145	4087.181263	--undefined--
1.368947	303.347515	2662.553923	3309.927764	4616.428778
1.375197	323.689147	2681.102453	3552.875194	4494.745220
1.381447	333.451451	2617.547824	3941.802949	--undefined--
1.387697	343.713097	2723.650844	3756.383469	--undefined--
1.393947	357.050729	2467.438850	3135.979109	5194.845756
1.400197	377.298228	2307.761198	3182.747853	4589.805720
1.406447	398.966360	2314.355375	3069.595810	4557.078718
1.412697	419.164440	2361.762139	2875.099817	4544.127647
1.418947	444.581750	2425.061282	2783.735063	4478.734192
1.425197	451.120061	2348.133430	2842.893438	4464.896400
1.431447	459.587510	2408.090759	2837.558410	4471.494023
1.437697	470.787211	2326.393608	2922.410728	4438.051208
1.443947	466.211170	2301.342787	2898.850988	4395.093162
1.450197	457.150339	2300.955644	2912.370423	4406.463959
1.456447	452.962843	2311.872453	3023.273800	4556.367138
1.462697	431.091944	2286.798719	3177.697161	4683.534405
1.468947	404.856800	2240.493703	3212.672748	4579.506557
1.475197	397.463944	2197.290796	3277.826107	4508.484497
1.481447	385.005883	2194.706908	3636.287688	4848.941064
1.487697	369.576023	2162.789464	3782.839694	--undefined--
1.493947	292.655530	2086.428217	3732.672606	--undefined--
1.500197	339.545080	1699.754961	2634.136398	--undefined--
1.506447	289.087444	1673.069354	2633.001823	4994.947252
1.512697	250.182785	1729.717872	2611.296623	4942.654703
1.518947	250.038087	1808.913159	2629.950336	--undefined--
1.525197	250.781765	1806.247720	2712.248994	--undefined--
1.531447	248.373845	1815.339725	2695.783349	--undefined--
1.537697	247.791844	1918.133207	2645.990615	--undefined--
1.543947	246.795666	1934.462768	2625.854411	--undefined--
1.550197	243.081157	1963.390800	2562.510041	--undefined--
1.556447	239.757361	1881.432332	2484.256815	--undefined--
1.562697	240.892078	1786.726284	2470.505619	--undefined--
1.568947	231.247739	2240.930517	2413.710907	--undefined--
1.575197	675.320026	2394.174678	3625.499647	--undefined--
1.581447	883.390615	2332.402800	3698.718527	--undefined--
1.587697	227.281222	1320.075398	2360.013234	4749.775514
1.593947	597.335627	2316.635499	3813.265016	--undefined--
1.600197	632.473102	2281.599605	3597.700384	--undefined--
1.606447	912.616933	2208.680123	3425.932112	--undefined--
1.612697	1136.339154	2262.741767	3439.415011	--undefined--
1.618947	1046.077424	2344.524939	3451.359679	--undefined--
1.625197	873.652461	2375.688441	3446.887964	--undefined--
1.631447	859.613814	2381.770009	3397.770972	--undefined--
1.637697	598.037206	2388.260235	3491.696339	--undefined--
1.643947	556.936840	2402.695850	3504.602437	--undefined--
1.650197	456.482279	2398.304705	3495.751783	--undefined--
1.656447	443.248834	2405.431313	3347.213477	--undefined--
1.662697	415.708402	2414.772388	2810.133099	--undefined--
1.668947	410.104906	2333.985768	3231.665871	4354.883843
1.675197	450.928227	2012.430003	2877.983832	4482.346831
1.681447	480.524172	1936.076790	2738.684245	4541.282654
1.687697	462.837108	1918.053861	2731.680660	4331.298636
1.693947	434.600878	1915.258833	2715.465494	4264.727136
1.700197	458.394528	1868.621754	2761.872173	4217.128206
1.706447	456.276063	1846.674530	2620.163516	4200.586685
1.712697	440.471244	1641.475698	2434.903828	4232.893883
1.718947	286.388045	1323.849864	2421.205723	4242.527740
1.725197	243.921024	1396.779683	4192.626084	--undefined--
1.731447	891.248867	1900.112332	4125.760146	--undefined--
1.737697	995.502529	2202.111932	4044.794519	--undefined--
1.743947	1132.726690	2413.350991	3929.965034	--undefined--
1.750197	55.794606	1535.052756	2410.170720	--undefined--
1.756447	294.258488	1914.990157	2444.868100	4750.516266
1.762697	241.196052	1922.633367	2522.820206	4777.564385
1.768947	288.549896	1823.505366	2687.348086	4819.145510
1.775197	659.379921	2237.516074	4943.470704	--undefined--
1.781447	716.475769	1098.060937	4112.425020	--undefined--
1.787697	728.616777	989.654223	3868.155380	--undefined--
1.793947	813.929228	967.107457	3882.968205	--undefined--
1.800197	826.499161	4033.176054	--undefined--	--undefined--
1.806447	564.995994	1397.420264	4359.477314	--undefined--
1.812697	502.168311	1069.770233	2766.036131	4419.540525
1.818947	585.668163	1179.132932	2933.752575	4444.124743
1.825197	674.414408	1230.817845	2916.712292	4498.760078
1.831447	719.099975	1257.261696	2929.717430	4500.278405
1.837697	745.193435	1268.383135	2918.348015	4523.694580
1.843947	763.846185	1256.644410	2857.916285	4552.149914
1.850197	791.965760	1226.738487	2838.865413	4510.579193
1.856447	831.710193	1196.098393	2834.159202	4499.290375
1.862697	848.592505	1209.646011	2823.900134	4500.713396
1.868947	851.879681	1244.663824	2828.932806	4479.168207
1.875197	890.009599	1212.199173	2842.086105	4447.605188
1.881447	929.958870	1156.030514	2843.150833	4437.058360
1.887697	1001.951074	1077.002786	2859.956962	4548.206833
1.893947	984.078247	1055.844337	2869.516274	4763.269347
1.900197	952.337622	1077.457266	2880.469938	4714.117202
1.906447	621.248837	1081.076925	2883.829505	4823.262990
1.912697	968.138133	1098.776331	2882.782565	5031.608022
1.918947	937.834389	1135.308053	2883.961517	4688.958886
1.925197	919.207937	1179.030272	2902.082732	4499.986985
1.931447	942.919473	1151.769236	2916.504053	4643.747020
1.937697	942.875237	1188.417422	2915.225365	4689.640248
1.943947	897.678679	1244.811631	2915.576893	4762.739208
1.950197	857.987993	1257.070954	2914.149569	4805.953795
1.956447	823.004724	1262.087033	2920.390164	4936.828047
1.962697	787.379578	1289.696198	2914.959946	4906.545525
1.968947	793.133750	1279.953528	2905.492587	4733.357443
1.975197	761.308329	1308.290716	2865.380360	4656.831243
1.981447	748.291421	1321.493271	2876.467698	4595.932416
1.987697	739.655563	1323.802699	2870.599697	4568.362712
1.993947	723.207039	1337.217988	2889.171858	4548.111289
2.000197	699.062397	1343.227721	2905.307850	4498.481071
2.006447	676.598968	1332.190375	2969.957319	4495.798217
2.012697	638.046576	1286.648038	2974.878435	4567.833038
2.018947	633.809083	1285.444528	2959.665721	4483.563217
2.025197	630.141524	1299.999829	2971.991256	4450.302382
2.031447	500.627115	1290.141083	2982.480070	4491.752754
2.037697	555.680098	1317.560774	2949.676754	4466.639908
2.043947	537.748297	1330.884053	2962.879850	4475.999459
2.050197	481.383420	1337.986498	2942.294233	4475.669015
2.056447	539.546799	1340.957777	2940.741607	4469.957379
2.062697	517.750545	1357.576368	2941.041649	4513.511792
2.068947	501.559894	1352.535960	2945.445748	4603.701805
2.075197	549.545785	1313.181244	2941.921305	4673.067901
2.081447	546.999566	1170.486900	2894.550149	4634.452142
2.087697	595.693505	1114.795346	2856.907694	4742.173507
2.093947	694.324301	1129.181290	2856.348486	4657.455923
2.100197	710.928892	1196.947610	2802.538673	4494.038879
2.106447	688.728218	1236.335662	2836.819728	4529.738365
2.112697	694.108269	1237.620821	2830.485602	4606.950495
2.118947	698.141075	1215.397116	2806.141119	4629.319833
2.125197	716.080447	1247.735961	2861.667933	4705.289757
2.131447	618.943012	1178.708730	2956.325726	4980.441375
2.137697	645.654098	1194.774813	2978.096167	--undefined--
2.143947	670.948660	1229.883523	2929.574566	--undefined--
2.150197	626.057603	1506.248849	3142.047288	--undefined--
2.156447	556.970220	1416.699200	3122.844473	--undefined--
2.162697	539.126080	1380.975351	3016.009047	--undefined--
2.168947	508.455955	1079.415217	2644.513850	--undefined--
2.175197	255.907388	1090.598203	2817.674118	--undefined--
2.181447	1020.608904	2860.021465	3460.843099	--undefined--
2.187697	632.875665	1327.108260	3210.735334	--undefined--
2.193947	708.008416	1549.868265	3300.260576	--undefined--
2.200197	852.082686	1195.521720	3072.326587	--undefined--
2.206447	859.758787	1557.401248	3180.876702	--undefined--
2.212697	992.261491	2315.920166	3468.269535	--undefined--
2.218947	1271.890808	2075.424967	3115.684013	--undefined--
2.225197	830.137804	1735.139911	3521.433221	--undefined--
2.231447	1036.682793	2284.274746	3852.324674	--undefined--
2.237697	1138.088778	2251.672297	3656.398520	--undefined--
2.243947	1274.338891	2080.444497	3539.810486	--undefined--
2.250197	1183.116942	2270.152052	3701.276158	--undefined--
2.256447	850.632123	1984.288857	3647.143830	--undefined--
2.262697	929.866772	2018.602422	3499.135414	--undefined--
2.268947	834.946875	2073.063863	3338.419786	4920.763405
2.275197	794.527330	2042.575489	3422.933324	5005.074302
2.281447	620.484704	2057.644694	3736.404166	--undefined--
2.287697	581.535040	1953.480780	3887.355327	--undefined--
2.293947	505.396783	1091.406246	2757.316345	--undefined--
2.300197	343.438071	2054.302437	2735.262567	--undefined--
2.306447	2219.367099	2979.576721	5389.446010	--undefined--
2.312697	1950.575887	2345.530019	4019.331761	--undefined--
2.318947	1429.257813	2428.375261	4049.247130	--undefined--
2.325197	398.689102	2320.766625	3706.997667	--undefined--
2.331447	400.367917	2312.478193	2883.231912	--undefined--
2.337697	403.206869	2333.087420	2686.456671	--undefined--
2.343947	387.476308	2351.362600	2713.342237	--undefined--
2.350197	360.001393	2421.323970	3047.326280	--undefined--
2.356447	310.381309	2381.664653	3057.708744	5172.814323
2.362697	2338.018557	3437.303164	5030.943202	--undefined--
2.368947	2299.160543	4035.444667	--undefined--	--undefined--
2.375197	882.138482	2299.182111	4159.579621	--undefined--
2.381447	972.719616	2385.106951	3675.173437	--undefined--
2.387697	1128.778098	2594.029114	4073.619350	--undefined--
2.393947	522.110637	2127.680211	3729.667466	4424.179709
2.400197	364.554390	2109.417996	3732.856454	4434.616624
2.406447	2119.339058	3253.024226	4616.720885	--undefined--
2.412697	2008.780814	3274.202542	4688.033991	--undefined--
2.418947	287.736518	1594.125603	3343.387261	--undefined--
2.425197	254.275261	1638.744393	3755.535471	--undefined--
2.431447	627.853716	1766.371107	3397.157401	--undefined--
2.437697	811.447561	2396.745776	3756.895210	--undefined--
2.443947	1135.267167	2363.851059	3634.672043	--undefined--
2.450197	1255.732532	2474.444097	3784.268603	--undefined--
2.456447	1300.640377	2721.142904	4522.398379	--undefined--
2.462697	1299.946897	2603.330239	4117.734878	--undefined--
2.468947	1290.051356	2623.108506	4344.827273	--undefined--
2.475197	1251.175549	2556.695803	3749.135235	--undefined--
2.481447	1231.765107	2579.230226	4379.598299	--undefined--
2.487697	1212.968199	2462.152802	4114.653062	--undefined--
2.493947	1257.338710	2509.255828	3712.609669	--undefined--
2.500197	1335.971012	2611.848079	3485.387436	--undefined--
2.506447	1509.533375	2519.524895	3539.786813	--undefined--
2.512697	1431.825565	2683.108368	3424.315828	--undefined--
2.518947	1289.310591	2472.686115	3939.242329	--undefined--
2.525197	1354.874926	1869.824863	3486.348873	--undefined--
2.531447	1037.538661	1421.067443	2666.700420	--undefined--
2.537697	733.603535	1418.142469	2759.399926	--undefined--
2.543947	1430.015077	2495.128082	3261.113267	--undefined--
2.550197	1085.003139	2462.236394	3209.207889	--undefined--
2.556447	1135.773555	2492.655598	3312.901801	--undefined--
2.562697	1284.726817	2686.136434	3575.441954	--undefined--
2.568947	1251.751322	2804.071378	3864.728956	--undefined--
2.575197	1274.929489	2724.828563	3937.440124	--undefined--
2.581447	1237.904039	2666.750565	4141.356885	--undefined--
2.587697	913.637892	1771.603510	3764.892997	4787.725355
2.593947	858.363711	1806.616159	3760.082943	4747.892319
2.600197	821.440744	2002.593590	4001.496781	4691.984354
2.606447	2012.056334	4082.989673	4595.685682	--undefined--
2.612697	396.841979	2090.357367	4437.667445	4440.181596
2.618947	480.515518	2289.918530	4288.277468	--undefined--
2.625197	484.896070	2309.059697	4315.234572	--undefined--
2.631447	511.981485	2372.416386	4343.882817	--undefined--
2.637697	492.641073	1490.721425	2088.889664	4331.104577
2.643947	523.738497	1916.846653	4249.932484	--undefined--
2.650197	678.710834	2053.666295	4237.277954	--undefined--
2.656447	810.267816	2062.247939	4255.190418	--undefined--
2.662697	858.902152	2080.132998	4252.909112	--undefined--
2.668947	882.516028	2296.162329	4269.900865	--undefined--
2.675197	896.115053	2453.370258	4381.931696	--undefined--
2.681447	928.810832	2431.579014	4293.445963	--undefined--
2.687697	921.319178	2445.295056	4391.858528	--undefined--
2.693947	413.107033	1457.962760	3230.525983	4655.551460
2.700197	400.300070	1478.015359	3183.031141	4504.312053
2.706447	913.766940	2469.682767	4394.571939	--undefined--
2.712697	91.815680	1339.214272	2923.645584	4504.870347
2.718947	385.361037	1488.040819	3172.615154	4615.292589
2.725197	368.374237	1530.330364	3159.148486	4811.190723
2.731447	279.437255	2734.568266	4834.059291	--undefined--
2.737697	997.050807	2882.233327	4621.765984	--undefined--
2.743947	1783.828040	2856.720773	4636.694277	--undefined--
2.750197	1625.806148	3159.590324	4761.150432	--undefined--
2.756447	1766.995302	3055.947381	4937.004217	--undefined--
2.762697	1557.643467	2764.280878	4327.735724	5336.913628
2.768947	1352.774199	2453.709690	4253.049243	5123.670737
2.775197	1316.651159	2441.064187	4219.369349	4992.653841
2.781447	1279.013446	2314.554457	3262.814696	5039.000880
2.787697	1288.674668	1407.444545	3286.929612	5089.943850
2.793947	1545.246538	2898.175124	5054.084175	--undefined--
2.800197	1536.584308	2965.883447	5115.278779	--undefined--
2.806447	432.350534	1474.265181	2934.743279	5167.546176
2.812697	606.961069	1451.312674	2824.606633	5298.034600
2.818947	736.986123	1432.921543	2769.321367	5290.544955
2.825197	890.071976	1276.811986	2247.999398	5153.693809
2.831447	796.758865	1583.021156	2500.647704	5091.470359
2.837697	826.355990	1496.443882	2589.501376	5046.768415
2.843947	876.745627	1379.757010	2486.304605	5244.680323
2.850197	917.725331	953.580098	1867.091454	5233.544706
2.856447	906.554390	1717.325834	2513.296533	5080.126023
2.862697	851.880391	1388.056122	2816.294821	5072.405195
2.868947	868.269440	1432.222798	2729.301413	5112.263807
2.875197	853.154631	1537.968707	2936.340064	5107.953982
2.881447	789.874650	1555.636642	3074.673972	5016.130613
2.887697	766.571409	1657.683675	2982.727570	4869.537888
2.893947	749.219842	1779.449996	2955.424047	4892.774018
2.900197	739.368598	1823.441575	2925.449331	4801.115908
2.906447	711.031780	1888.063340	2850.134390	4775.586116
2.912697	658.704103	1915.667826	2772.284348	4802.766862
2.918947	583.494114	1923.481620	2672.041810	4783.696401
2.925197	497.786255	2019.643810	2448.662298	4763.829441
2.931447	330.792113	1881.739437	2557.944000	4816.507730
2.937697	240.134246	2104.639120	2748.023679	5013.466486
2.943947	240.309610	2195.624902	2757.522366	--undefined--
2.950197	239.561852	2270.394661	2704.837041	--undefined--
2.956447	229.451964	2195.460762	2833.305574	--undefined--
2.962697	222.809936	2110.399996	2881.094943	--undefined--
2.968947	229.274803	1937.529501	2883.699686	--undefined--
2.975197	235.830871	1829.182273	2887.438562	--undefined--
2.981447	238.188534	1832.048043	2893.912646	--undefined--
2.987697	233.239381	1933.837575	2899.696975	--undefined--
2.993947	236.478246	1935.931385	2854.215347	--undefined--
3.000197	240.469326	1880.744090	2659.029506	--undefined--
3.006447	241.354204	2043.095866	2496.690249	4962.153183
3.012697	254.577059	2526.600503	2535.491910	4924.931521
3.018947	231.522568	2559.677870	3443.055144	--undefined--
3.025197	221.440750	2573.595003	3704.274710	--undefined--
3.031447	250.144367	2587.375622	3776.402480	--undefined--
3.037697	235.594111	2619.022256	3894.298338	--undefined--
3.043947	220.436387	2644.037025	3918.871625	--undefined--
3.050197	245.077988	2647.058818	4055.463516	--undefined--
3.056447	260.712054	2643.309164	4082.794774	--undefined--
3.062697	270.275348	2650.366753	4018.562510	--undefined--
3.068947	273.503783	2665.725491	3918.856801	--undefined--
3.075197	275.553856	2687.952898	3818.561986	--undefined--
3.081447	277.606790	2700.885065	3858.648707	--undefined--
3.087697	281.695325	2732.241882	4074.900000	4946.341653
3.093947	283.270444	2717.846802	3980.077448	--undefined--
3.100197	294.986359	2691.162699	4064.386912	4213.623702
3.106447	303.372826	2649.852449	3556.717444	4435.634837
3.112697	301.721589	2646.178468	3441.249716	4457.000010
3.118947	305.885076	2628.113213	3584.414677	4481.859946
3.125197	312.926942	2649.655382	3719.087560	4456.547891
3.131447	314.023810	2668.065772	3808.954918	4469.373605
3.137697	308.602896	2658.786501	3726.019786	4528.656227
3.143947	305.967670	2647.628468	3704.223858	4553.133598
3.150197	306.627052	2646.923020	3673.760276	4571.150180
3.156447	310.456375	2680.784273	3569.591980	4584.291029
3.162697	317.711898	2671.412978	3518.495699	4610.131222
3.168947	321.495150	2675.247095	3603.342223	4591.586384
3.175197	324.960861	2719.161374	3838.762778	4433.264811
3.181447	327.796372	2726.525450	3992.979047	4353.308425
3.187697	326.089650	2718.191312	3577.060082	4558.569233
3.193947	331.452629	2716.078753	3537.849151	4587.555636
3.200197	336.385587	2733.037349	3565.115241	4544.199257
3.206447	340.649138	2730.845202	3646.540349	4544.738864
3.212697	340.878083	2707.105475	3618.562836	4523.586778
3.218947	335.900602	2691.041272	3562.885710	4557.197372
3.225197	334.405617	2709.365871	3533.501896	4538.200673
3.231447	328.583950	2713.425979	3636.930984	4475.756453
3.237697	317.270678	2725.016266	3650.369376	4475.981095
3.243947	312.297327	2735.628431	3880.599980	4322.075490
3.250197	316.456381	2734.650525	4036.039176	4312.808291
3.256447	317.781530	2727.624961	3888.251700	4381.610543
3.262697	320.255687	2717.894362	4070.598411	4275.895415
3.268947	326.783698	2728.387866	3547.767389	4370.586225
3.275197	336.162130	2627.544465	3466.330633	4475.533755
3.281447	332.268361	2602.757840	4270.519013	4276.879371
3.287697	323.957008	2694.284387	4250.802429	--undefined--
3.293947	356.601880	2691.263075	4238.371732	--undefined--
3.300197	361.368356	2656.979299	4389.434340	4661.358523
3.306447	395.577911	2601.596910	4153.590218	5096.246814
3.312697	442.362257	2574.566769	4017.226438	4299.024381
3.318947	450.139052	2636.796088	4334.253065	--undefined--
3.325197	509.978420	2581.484967	4165.512884	--undefined--
3.331447	426.201445	2385.890752	3910.102726	--undefined--
3.337697	460.759614	2548.519069	4005.178851	--undefined--
3.343947	644.647738	2657.510432	3980.289205	--undefined--
3.350197	1135.469272	2823.776769	--undefined--	--undefined--
3.356447	1416.835177	2832.403838	--undefined--	--undefined--
3.362697	867.732178	2526.095457	4010.502724	--undefined--
3.368947	365.554303	1946.411181	3179.179290	--undefined--
3.375197	403.636706	2540.036922	3868.238526	--undefined--
3.381447	693.077912	2579.434820	4011.112749	--undefined--
3.387697	1165.962723	2569.498602	3827.908913	--undefined--
3.393947	1058.979606	2572.522897	4154.483932	--undefined--
3.400197	1192.216187	2572.195646	4059.414612	--undefined--
3.406447	1236.415313	2481.089991	4001.742875	--undefined--
3.412697	1301.121901	2308.539790	3689.896515	--undefined--
3.418947	1477.045896	2270.030439	3086.870540	--undefined--
3.425197	944.637895	1994.253473	3458.296668	--undefined--
3.431447	530.204344	2464.368982	3254.689682	--undefined--
3.437697	562.367390	2622.858967	3344.169512	--undefined--
3.443947	1107.650444	2841.651212	3372.111323	--undefined--
3.450197	543.898910	1774.799196	2942.089313	5131.091560
3.456447	1234.601610	2804.296055	--undefined--	--undefined--
3.462697	1157.936158	2741.346802	3958.357067	--undefined--
3.468947	1198.794987	2562.180050	3578.509637	--undefined--
3.475197	1187.950783	2465.873262	3982.891286	--undefined--
3.481447	1017.823024	2459.067372	4118.852727	--undefined--
3.487697	956.914392	2449.908689	3827.322011	--undefined--
3.493947	1162.421777	2389.812780	3724.945024	--undefined--
3.500197	1314.640860	2548.831577	--undefined--	--undefined--
3.506447	1348.585174	2525.162026	--undefined--	--undefined--
3.512697	1250.661906	2484.638664	4434.221439	--undefined--
3.518947	232.691508	1793.417529	2516.796323	--undefined--
3.525197	249.225948	1629.170011	2487.223790	--undefined--
3.531447	239.665540	1361.872710	2483.047035	5153.554762
3.537697	248.037808	1252.528911	2451.087885	5120.354204
3.543947	427.108132	1219.340248	2529.798575	4728.424652
3.550197	573.997446	1274.822218	2518.920605	4774.816004
3.556447	686.513699	1309.923553	2570.848336	4969.335160
3.562697	748.965014	1341.508850	2623.458156	4999.242157
3.568947	784.627923	1364.712267	2669.502159	5007.033654
3.575197	834.429274	1352.356383	2701.416674	5079.733593
3.581447	863.627809	1306.037136	2713.281104	5012.491506
3.587697	879.259594	1295.947579	2726.057585	4944.823478
3.593947	891.012485	1275.146906	2787.019750	5014.443655
3.600197	902.617948	1269.360624	2897.182610	5042.097252
3.606447	895.739461	1282.360270	2845.141391	5052.348757
3.612697	906.233865	1260.013117	2783.381402	5023.342580
3.618947	920.608225	1209.571715	2731.697519	4956.567201
3.625197	888.776032	1233.835276	2715.615091	4937.873676
3.631447	889.542031	1241.024258	2704.513180	5117.940280
3.637697	882.955188	1266.874833	2723.193039	5220.688133
3.643947	917.382435	1226.176050	2709.737910	5238.899492
3.650197	936.981030	1209.463414	2692.483975	5263.632955
3.656447	920.272511	1298.259885	2615.425153	5210.761124
3.662697	884.154104	1631.024569	2338.914939	5142.819144
3.668947	830.818085	2073.514256	2109.211075	5023.141302
3.675197	781.678969	1642.066729	2459.146344	4876.710311
3.681447	709.366694	1503.221379	2477.919184	4625.148866
3.687697	662.116989	1174.364894	2410.444802	4548.505345
3.693947	851.261309	2264.496955	3931.849167	--undefined--
3.700197	1090.873261	2139.262855	3588.801355	--undefined--
3.706447	1402.672347	2182.614647	3720.860254	--undefined--
3.712697	2172.099325	4089.820117	--undefined--	--undefined--
3.718947	562.844461	2206.240751	3698.043989	4725.721935
3.725197	503.352337	2103.049330	3668.766849	4658.198068
3.731447	512.154602	2014.485611	3314.532229	4261.522609
3.737697	522.218028	1826.528727	2383.208826	4413.721825
3.743947	525.112513	1843.551804	2387.034996	4227.203087
3.750197	517.926262	1828.917412	2368.172026	4344.720517
3.756447	521.204201	1764.896300	2399.508004	4442.174695
3.762697	533.416180	1798.375101	2471.981479	4357.155215
3.768947	533.920236	1779.820907	2529.892290	4190.846212
3.775197	525.203705	1705.451398	2573.163731	4154.985932
3.781447	529.491176	1716.261839	2524.409209	4289.569036
3.787697	533.558206	1808.895676	2337.129174	4453.348892
3.793947	782.690061	2210.689895	4323.337316	--undefined--
3.800197	1012.739562	2156.692166	4394.835235	--undefined--
3.806447	1271.326976	2053.244683	4577.177946	--undefined--
3.812697	1370.060750	2543.017937	4740.985248	--undefined--
3.818947	1341.524580	2306.247934	4788.618201	--undefined--
3.825197	1106.594524	2432.205654	4917.816324	--undefined--
3.831447	312.788792	1162.999405	2490.253166	5027.405876
3.837697	236.881205	1034.828054	2487.845582	--undefined--
3.843947	529.789874	2025.127544	3831.899000	--undefined--
3.850197	266.257362	1549.298523	3164.800275	--undefined--
3.856447	255.767346	1475.771903	3092.112346	--undefined--
3.862697	319.922695	1543.962925	3116.915447	--undefined--
3.868947	437.308218	1639.214566	2806.864015	--undefined--
3.875197	416.416881	2058.663168	2761.764708	--undefined--
3.881447	385.978024	1968.117648	3094.013206	--undefined--
3.887697	396.575407	2057.157778	3679.893597	--undefined--
3.893947	429.854349	1892.154561	3406.988299	--undefined--
3.900197	682.546487	963.135362	2572.265987	4969.456196
3.906447	776.247799	1153.034843	4922.096324	--undefined--
3.912697	791.987980	1597.430313	4948.533770	--undefined--
3.918947	802.122052	1696.974196	4912.159067	--undefined--
3.925197	807.081384	1083.133451	4773.422365	--undefined--
3.931447	789.900323	2298.666802	4693.036002	--undefined--
3.937697	462.290622	1596.037131	4762.393883	--undefined--
3.943947	422.696033	1127.338373	2469.031123	4763.599885
3.950197	410.008192	917.845427	4656.553628	--undefined--
3.956447	236.669161	592.716955	2307.962160	4607.005266
3.962697	572.410202	626.648448	2436.771915	4630.751132
3.968947	475.743498	667.680120	2512.565078	4696.617974
3.975197	649.498791	834.994558	2173.267595	4706.457376
3.981447	680.089325	781.814006	2168.657493	4588.418361
3.987697	702.889157	2215.094228	4533.471358	--undefined--
3.993947	669.293017	2092.918113	4477.970089	--undefined--
4.000197	624.722742	1959.020678	4511.658216	--undefined--
4.006447	670.050626	2070.072767	4584.452662	--undefined--
4.012697	661.452364	2075.446205	4457.173404	--undefined--
4.018947	650.906397	1495.107168	3161.972741	4970.549490
4.025197	733.977720	1487.405608	2929.122662	4550.875645
4.031447	658.925404	1418.005008	2682.671086	4684.062383
4.037697	615.908392	2160.675755	2173.953524	4603.231039
4.043947	624.001314	1721.152526	3213.369411	4339.535830
4.050197	631.987425	1569.362490	3032.889448	4592.255751
4.056447	581.273967	1428.204326	2966.977238	--undefined--
4.062697	504.670281	1346.747008	3001.346980	4796.491509
4.068947	519.395117	1475.216142	2969.303721	4670.349625
4.075197	657.169328	1683.160696	2887.926745	4699.477099
4.081447	677.832472	1574.921960	2868.736148	4818.702556
4.087697	706.100762	1904.228729	3268.493745	--undefined--
4.093947	671.140013	1973.135799	3527.525370	--undefined--
4.100197	720.228069	2355.232182	3205.943384	--undefined--
4.106447	781.088464	1970.340202	3875.164943	--undefined--
4.112697	719.124945	1478.724765	3682.444291	--undefined--
4.118947	636.365518	2428.230698	3837.713852	--undefined--
4.125197	1362.584086	2958.922020	4903.359944	--undefined--
4.131447	1357.901989	2630.474240	2976.731121	4870.842466
4.137697	1481.454386	2940.203213	4901.965400	--undefined--
4.143947	539.425371	1758.446556	3004.031543	5089.088549
4.150197	598.160280	1772.850553	2913.513451	5135.154112
4.156447	655.682599	1820.702161	2906.796773	5045.881490
4.162697	691.903302	2077.125085	2475.961956	5103.026892
4.168947	700.082334	738.961770	2120.387953	5067.515579
4.175197	769.425321	2118.846793	4965.339437	--undefined--
4.181447	791.844858	2195.181474	4926.281477	--undefined--
4.187697	759.589558	2137.905214	4994.624792	--undefined--
4.193947	707.699572	1851.136327	2166.827502	5059.776117
4.200197	662.952676	1930.145340	2184.917657	5111.720791
4.206447	626.949069	1943.327683	2181.212158	5095.722388
4.212697	622.288283	1913.635586	2132.942891	5109.767847
4.218947	617.456392	1838.073730	2110.731493	5147.819406
4.225197	599.013517	1885.227661	2107.710248	5138.698900
4.231447	569.367055	1988.247423	2111.437349	5137.059538
4.237697	544.277657	2031.435075	2095.823124	5154.576337
4.243947	518.434459	2073.356210	2175.226728	5165.335011
4.250197	527.304532	2079.520215	2279.481288	5106.161593
4.256447	521.939033	2108.080369	2323.137240	5077.225958
4.262697	502.414915	2122.460035	2293.330329	5049.948406
4.268947	480.166194	2116.008037	2364.891226	5024.444016
4.275197	455.481218	2113.707600	2392.626378	4999.658879
4.281447	421.647179	2105.804950	2561.251476	4948.678029
4.287697	393.489704	2092.365680	2667.259037	4919.361503
4.293947	373.247033	2087.516236	2642.773999	4863.923995
4.300197	343.527840	2066.386539	2981.736156	4798.811124
4.306447	321.543310	2064.964771	4704.718043	--undefined--
4.312697	251.269137	2101.401748	4752.938338	--undefined--
4.318947	272.463574	2205.406635	4824.941742	--undefined--
4.325197	355.903613	1982.292119	2247.004333	5001.615200
4.331447	451.873264	2087.786201	2434.779727	5062.578224
4.337697	306.348050	2148.192909	2150.980581	5139.001289
4.343947	754.886067	2205.795227	3874.004929	--undefined--
4.350197	544.061984	2193.796947	4064.900990	--undefined--
4.356447	580.498349	2249.414066	--undefined--	--undefined--
4.362697	587.785695	2043.487326	2721.059107	--undefined--
4.368947	730.662741	2006.163243	3565.794150	--undefined--
4.375197	790.611827	1952.384397	3749.335263	--undefined--
4.381447	907.779348	2292.331295	3408.989153	--undefined--
4.387697	1095.112035	2353.194262	3443.524118	--undefined--
4.393947	960.037369	2327.397919	3519.735249	--undefined--
4.400197	808.021063	1683.892551	3646.884169	4338.103839
4.406447	731.324087	1583.439606	2840.717392	4443.173482
4.412697	830.262027	1716.031411	3505.472189	5079.663589
4.418947	896.810463	1566.567982	3409.391673	--undefined--
4.425197	742.625598	1554.055425	3142.617534	4405.936478
4.431447	901.541080	1148.392952	2744.993587	4635.865119
4.437697	629.733166	1318.095003	2740.885408	4618.055022
4.443947	490.257452	1261.363867	2461.800247	4704.263889
4.450197	489.769002	1155.799091	2748.144642	4674.720791
4.456447	444.284913	1151.240678	2718.883406	4748.695210
4.462697	460.248939	1134.536323	2616.749153	4716.315709
4.468947	448.973937	1122.411523	2595.629843	4692.609946
4.475197	446.361215	1137.941432	2802.295878	4682.163576
4.481447	408.500485	1131.183160	2720.581226	4674.531271
4.487697	433.314358	1148.134737	2692.753916	4671.488733
4.493947	391.658319	1161.336506	2750.078978	4650.902128
4.500197	457.323282	1083.460613	2401.558696	4643.796628
4.506447	559.887088	1311.060556	2393.878788	4623.714595
4.512697	481.225862	1604.050374	2826.471833	4750.150395
4.518947	515.886526	1659.709470	3081.805949	--undefined--
4.525197	559.968155	1348.570310	2498.871498	4483.129330
4.531447	562.557085	1189.843775	2569.413677	4462.686218
4.537697	512.753493	1192.924285	2496.594566	4630.071082
4.543947	590.118850	1714.279151	2892.103182	--undefined--
4.550197	1089.470819	1990.817666	3224.673683	--undefined--
4.556447	1126.749421	2654.698384	3577.748837	--undefined--
4.562697	640.939973	1693.263729	2858.413872	--undefined--
4.568947	716.498031	1817.983604	3401.021718	--undefined--
4.575197	780.743053	1350.799431	3446.602826	--undefined--
4.581447	423.500742	1131.960320	2432.541431	3925.326514
4.587697	435.684242	1108.822994	2409.979236	3977.109420
4.593947	435.137476	1062.307184	2393.781821	4130.246293
4.600197	467.204306	1015.446727	2438.028652	4225.902929
4.606447	601.873704	888.560517	2530.149626	4094.309297
4.612697	715.504249	1840.381805	3990.942114	--undefined--
4.618947	381.795627	740.542920	2319.133459	3938.826778
4.625197	636.442059	708.103198	2675.758475	4119.520465
4.631447	576.859805	786.886031	2695.725746	4375.650521
4.637697	574.495934	665.682874	2693.719565	4218.995058
4.643947	187.112868	639.718162	2410.907758	4191.487680
4.650197	171.335301	648.120989	2388.188260	4267.723454
4.656447	370.987317	678.850926	2457.037988	4327.646325
4.662697	412.415725	681.951007	2484.064877	4372.344976
4.668947	421.211564	676.515149	2484.913883	4438.467967
4.675197	403.891007	673.721808	2428.258769	4542.655719
4.681447	397.975974	649.916571	2450.344325	4527.460829
4.687697	408.553260	588.359674	2497.468351	4565.039721
4.693947	527.822948	2440.268519	4756.845993	--undefined--
4.700197	462.857793	2431.342695	4220.722602	--undefined--
4.706447	418.519217	2550.231062	3786.800438	--undefined--
4.712697	379.598620	2274.627751	3634.851339	--undefined--
4.718947	389.411439	2112.322545	3945.187167	--undefined--
4.725197	529.821109	2140.650571	3727.021929	--undefined--
4.731447	628.889906	1983.819906	3242.931882	--undefined--
4.737697	617.506779	1772.537577	2452.052901	4753.835439
4.743947	614.149987	2382.417446	2727.132286	4682.401577
4.750197	868.000517	928.766714	2555.832846	4892.266417
4.756447	809.168149	1146.522658	2705.807841	5044.412118
4.762697	567.263805	2174.949926	2817.021804	5022.921268
4.768947	579.116344	1993.513208	3462.681720	--undefined--
4.775197	602.708927	1719.533324	3689.637350	--undefined--
4.781447	1251.098620	2439.286177	4049.460265	--undefined--
4.787697	400.224794	1477.931360	3269.900715	5166.001108
4.793947	487.467081	1820.050961	3142.907256	4545.764120
4.800197	546.334363	2314.753392	4145.093025	--undefined--
4.806447	569.051077	1958.701364	3644.927820	--undefined--
4.812697	586.477416	1715.723319	3152.341963	4898.492600
4.818947	581.404747	1929.847475	3171.942596	5193.466098
4.825197	618.386228	1829.221331	3076.300798	5030.341419
4.831447	614.378404	2006.965398	2957.767723	4836.129718
4.837697	511.825573	1928.882873	2736.956391	5092.203199
4.843947	514.067049	2003.851184	2871.039135	5022.884449
4.850197	467.534422	2375.788742	3039.736525	4796.228541
4.856447	480.099761	2389.042750	3356.526498	--undefined--
4.862697	437.907577	2350.896978	3696.721476	--undefined--
4.868947	1538.598874	2612.255356	4689.804626	--undefined--
4.875197	1468.382174	2530.761422	4469.827852	--undefined--
4.881447	1349.850578	2563.126469	4397.077883	--undefined--
4.887697	264.983158	1618.851213	2802.656009	4623.310317
4.893947	1356.496899	2529.265553	4430.460185	--undefined--
4.900197	1208.623030	2645.927875	4355.071639	--undefined--
