Time_s	F1_Hz	F2_Hz	F3_Hz	F4_Hz
0.025580	1486.600661	2829.542072	5437.106126	--undefined--
0.031830	1461.715656	2789.956992	5437.100561	--undefined--
0.038080	1466.647757	2797.158998	5437.098510	--undefined--
0.044330	1485.239661	2827.415081	5437.096749	--undefined--
0.050580	1453.564354	2777.341297	5437.089538	--undefined--
0.056830	1479.723740	2818.777361	5437.088285	--undefined--
0.063080	1474.636317	2811.210968	5437.082104	--undefined--
0.069330	1456.161972	2781.284267	5437.074479	--undefined--
0.075580	1487.640720	2831.161711	5437.070887	--undefined--
0.081830	1461.716599	2790.231023	5437.059450	--undefined--
0.088080	1468.454694	2800.538523	5437.050918	--undefined--
0.094330	1485.538536	2828.757978	5437.040194	--undefined--
0.100580	1454.795964	2779.375678	5437.022418	--undefined--
0.106830	1482.938810	2823.721373	5437.007758	--undefined--
0.113080	1475.351421	2812.538836	5436.983085	--undefined--
0.119330	1459.578087	2787.351627	5436.952479	--undefined--
0.125580	1490.648158	2838.122448	5436.917241	--undefined--
0.131830	1463.692549	2795.094124	5436.860965	--undefined--
0.138080	1476.371401	2815.094061	5436.790137	--undefined--
0.144330	1491.474043	2840.841031	5436.683353	--undefined--
0.150580	1464.957335	2799.051585	5436.520367	--undefined--
0.156830	1500.982403	2859.701593	5436.261896	--undefined--
0.163080	1497.453234	2857.386616	5435.796661	--undefined--
0.169330	1508.710105	2879.905488	5434.914767	--undefined--
0.175580	1584.039274	3021.780160	5433.120612	--undefined--
0.181830	1727.915942	3179.227451	5429.648028	--undefined--
0.188080	1769.758550	3216.426798	5428.771945	--undefined--
0.194330	1603.351027	3053.340757	5432.516004	--undefined--
0.200580	1513.346161	2892.164555	5434.620900	--undefined--
0.206830	1500.943222	2865.262944	5435.650785	--undefined--
0.213080	1501.961745	2861.749169	5436.182517	--undefined--
0.219330	1465.600066	2800.194690	5436.473075	--undefined--
0.225580	1492.555219	2842.100483	5436.652951	--undefined--
0.231830	1475.489552	2814.082584	5436.769391	--undefined--
0.238080	1464.766926	2795.853569	5436.846142	--undefined--
0.244330	1490.793854	2837.958756	5436.906122	--undefined--
0.250580	1458.609100	2786.758860	5436.943691	--undefined--
0.256830	1476.073189	2813.970680	5436.976043	--undefined--
0.263080	1481.461851	2822.583590	5437.001745	--undefined--
0.269330	1454.568751	2779.409920	5437.017197	--undefined--
0.275580	1485.897485	2829.249357	5437.035535	--undefined--
0.281830	1466.931686	2799.043437	5437.046488	--undefined--
0.288080	1462.469467	2791.130681	5437.055342	--undefined--
0.294330	1487.162180	2830.839541	5437.066833	--undefined--
0.300580	1455.469914	2780.416275	5437.070408	--undefined--
0.306830	1475.868648	2812.196313	5437.078122	--undefined--
0.313080	1478.817539	2817.521549	5437.084116	--undefined--
0.319330	1453.719715	2777.466450	5437.085341	--undefined--
0.325580	1485.234576	2827.713723	5437.092521	--undefined--
0.331830	1465.096340	2795.652494	5437.094169	--undefined--
0.338080	1462.691457	2791.069506	5437.096512	--undefined--
0.344330	1102.743453	2332.581829	5437.182498	--undefined--
0.350580	944.635133	1889.413653	3287.210472	5449.963580
0.356830	1185.328857	2152.435182	3597.555902	--undefined--
0.363080	920.865776	1995.671108	2663.765360	3871.456914
0.369330	929.916893	1932.401935	2638.204414	3811.894935
0.375580	894.152073	1918.561115	2622.173324	3837.826687
0.381830	1005.777569	2317.658597	3780.222839	3898.675837
0.388080	1141.274721	2236.468797	3071.053235	4054.697013
0.394330	802.370350	1286.663169	2320.171699	4042.874528
0.400580	998.865637	2036.179088	2956.666817	4091.654085
0.406830	1083.780152	2121.423247	3294.259727	3996.237914
0.413080	1019.878285	2047.264361	3039.878342	4149.867276
0.419330	1301.709697	2026.681085	3759.661244	4175.398471
0.425580	1322.290557	2189.255911	3626.247576	5039.648213
0.431830	1226.259654	1973.921380	3206.549046	4128.198657
0.438080	1529.748102	2160.780141	2995.196714	4003.171188
0.444330	1657.519002	2253.377145	3184.957184	4028.824877
0.450580	91.806498	1826.747389	2839.150471	3689.241464
0.456830	540.664594	1882.507834	3089.020906	3849.948476
0.463080	760.670359	1846.322048	3208.204961	4083.411035
0.469330	1103.788067	2520.107981	3449.778868	4330.053986
0.475580	821.154011	2139.465451	2762.554788	3723.610970
0.481830	1093.836021	2106.131933	3484.157315	4956.624321
0.488080	1008.122169	2050.585766	3349.113498	4706.809746
0.494330	1033.682147	1990.362997	3521.949643	4349.656508
0.500580	1078.620125	2005.493588	3564.670646	5098.052925
0.506830	1178.110225	2007.227646	3381.745907	4247.092571
0.513080	1133.851677	2087.696280	3330.372787	4255.779181
0.519330	1122.663969	2072.717355	3376.352483	4679.223907
0.525580	1084.765033	1915.130566	3476.617791	4941.484231
0.531830	1098.550981	2072.835536	3550.347718	4873.855336
0.538080	1232.519511	2114.263761	3571.904486	4414.546472
0.544330	1292.162922	2093.131971	3545.875026	4113.987974
0.550580	1139.904486	1995.347252	3511.423703	4282.817117
0.556830	983.300009	2072.862590	3662.826116	--undefined--
0.563080	655.329180	1343.590808	2097.383889	3681.157166
0.569330	1027.631298	1753.436663	3423.129825	3625.772131
0.575580	866.750029	1602.347267	2437.538784	4113.048766
0.581830	1014.925309	1171.940790	2069.250702	4066.076519
0.588080	1153.298119	1902.796279	3482.205989	3939.913779
0.594330	1234.718567	1760.946498	3371.805300	4561.734827
0.600580	1317.179530	2022.686813	3601.635164	5105.232040
0.606830	1181.160802	2051.708398	3843.106530	--undefined--
0.613080	1172.353509	2040.665284	3775.620646	--undefined--
0.619330	988.073296	2043.065684	3102.088438	3842.490835
0.625580	1338.243605	2376.160865	3805.161095	--undefined--
0.631830	1310.260376	2130.589157	3742.614929	--undefined--
0.638080	1113.449419	2093.317553	3682.761625	4828.051944
0.644330	1132.185052	1956.240694	3113.670042	4172.767317
0.650580	1359.864740	1775.124241	2635.079499	3989.063054
0.656830	1291.091004	1498.776935	2782.516182	3969.675263
0.663080	1076.536844	1845.421594	3061.668909	4006.773548
0.669330	1227.486501	1732.472279	3129.683989	4094.324181
0.675580	1272.142905	1841.632037	3615.765496	--undefined--
0.681830	1383.934939	1974.304619	3713.962508	--undefined--
0.688080	1105.215589	1360.649624	2449.028334	4217.524688
0.694330	483.990525	1417.106150	2337.597535	3752.058448
0.700580	316.163937	1448.347111	2265.182542	3515.606802
0.706830	371.289188	1459.450397	2273.678231	3617.671928
0.713080	561.579472	1510.661317	2807.177309	4227.663051
0.719330	709.296640	1476.176311	2611.464402	4305.481083
0.725580	740.466251	1364.665657	2222.404625	4143.827592
0.731830	1396.084479	1913.010528	2383.986047	4299.089872
0.738080	1430.709837	1793.453336	2051.093754	4154.856864
0.744330	1472.812034	1794.684164	2112.141301	4174.959993
0.750580	557.355562	1585.487065	2432.719035	4115.581879
0.756830	488.897289	1397.223983	2101.901175	3574.217533
0.763080	479.924706	1111.160320	2082.933403	3569.369189
0.769330	845.059410	1162.990914	2153.114161	3585.498895
0.775580	1181.194691	1832.230767	3613.582345	4885.741617
0.781830	1327.488460	1754.936986	3647.648376	5278.015311
0.788080	1345.014676	1613.883420	3584.483203	4901.520644
0.794330	1357.750485	1622.253802	3668.672758	4961.104641
0.800580	1094.750706	1846.997820	3604.683305	5000.530672
0.806830	1008.382461	1910.334437	3566.326923	--undefined--
0.813080	1104.216144	1961.863468	3492.959300	4494.474122
0.819330	1072.085736	1995.962339	3583.083111	4532.114127
0.825580	1139.635343	1694.427350	3451.864281	4527.246124
0.831830	412.884413	1431.985189	2387.704931	3797.347482
0.838080	488.065142	1375.201508	2193.099043	3800.167012
0.844330	1329.750716	2126.880916	3888.242300	--undefined--
0.850580	1221.002118	1874.059374	3762.864492	3830.682244
0.856830	1125.615099	1940.557129	3604.708474	4244.740248
0.863080	1152.204319	1878.545274	3621.962729	3807.085756
0.869330	1129.742659	1966.230937	3117.678636	3816.054265
0.875580	1024.574233	1115.250864	2278.883445	3805.892513
0.881830	1038.818068	1084.500530	2336.738936	3828.383392
0.888080	1041.546729	2329.592494	3230.734313	3909.234566
0.894330	794.280093	1415.028638	2519.682652	4012.845403
0.900580	666.126875	1422.176555	2526.680262	3904.032187
0.906830	710.509113	1437.611542	2461.968315	3879.021713
0.913080	722.635257	1485.804725	2487.669382	3802.753268
0.919330	831.487688	1515.769752	2686.607358	3750.630080
0.925580	1081.957400	1641.730518	2713.597903	4159.953497
0.931830	1091.220952	1982.069052	2894.846139	4088.651443
0.938080	1101.567538	1979.767044	3053.237369	3898.788728
0.944330	877.192107	1787.618032	3060.028074	3401.286094
0.950580	807.249301	1700.522727	2997.291639	3383.182383
0.956830	742.367459	1567.939850	3097.624390	3707.116938
0.963080	881.543317	1445.352712	3155.846514	3754.202053
0.969330	953.133333	1251.014812	2707.125551	3797.846903
0.975580	945.857594	1201.527395	2551.164299	3828.312650
0.981830	562.250191	964.471315	2155.003962	3436.246731
0.988080	476.937366	956.902791	2088.887589	3391.217628
0.994330	397.029358	882.611473	2014.101354	3372.451106
1.000580	412.366077	895.165711	2020.847025	3626.346300
1.006830	443.960465	860.207998	2034.147449	3994.334221
1.013080	393.730455	811.022851	2025.652945	4069.365923
1.019330	415.694132	830.481038	1979.757278	3858.851617
1.025580	428.866623	835.902781	1979.151327	3919.268045
1.031830	428.562435	762.053987	1983.977270	4361.298995
1.038080	438.082785	752.447649	2029.930621	4147.232814
1.044330	441.508690	765.083324	2044.019562	4208.622658
1.050580	398.667526	829.308190	2003.049094	4185.031817
1.056830	392.199206	803.826677	1996.827372	4242.361848
1.063080	387.061672	789.395081	2019.615898	4208.168198
1.069330	366.465869	805.235245	2040.214710	4170.256128
1.075580	356.946758	850.776061	2004.594672	4186.857762
1.081830	348.058907	875.312241	2006.504139	4299.206592
1.088080	344.427726	856.228137	2023.528386	4398.108331
1.094330	353.453270	875.641041	2009.498026	3953.071474
1.100580	347.473303	879.505105	2013.504690	3728.079061
1.106830	342.763108	906.264312	2042.270575	3672.478892
1.113080	328.896788	983.361652	2028.448792	3609.166486
1.119330	313.939894	1120.429980	1972.108527	3434.918455
1.125580	207.080609	1106.222145	1879.661419	3409.221666
1.131830	193.531626	1150.117622	1865.739439	3402.384573
1.138080	916.255628	1919.425948	3344.199136	--undefined--
1.144330	836.005859	1943.642088	3321.681199	--undefined--
1.150580	867.555490	1879.436811	3169.192393	4033.808863
1.156830	926.039765	1892.783136	2971.202315	4013.935158
1.163080	879.924701	1929.784545	2937.748788	3943.578457
1.169330	804.262530	1952.256221	3065.434391	3923.684820
1.175580	883.087765	2000.180580	3153.199604	4039.825356
1.181830	897.485082	2053.694746	3119.950352	4114.887901
1.188080	888.965100	2050.210333	3134.793301	4035.691277
1.194330	912.080492	1985.334150	2955.997483	3916.508557
1.200580	705.125981	1961.266203	3309.434477	4575.976301
1.206830	750.678189	2019.665128	3477.679819	5212.575009
1.213080	688.840567	1290.883438	2024.309661	3580.958617
1.219330	678.464132	1525.110387	1990.543295	3575.846193
1.225580	647.967802	1561.920550	1977.138224	3453.476722
1.231830	614.241163	1582.462749	1945.447898	3428.290165
1.238080	602.312971	1589.064713	1944.194175	3444.816478
1.244330	611.199357	1596.094787	2017.467313	3844.077729
1.250580	593.106523	1603.749034	2031.087482	3507.413472
1.256830	552.333343	1443.421126	2052.528533	3411.929323
1.263080	526.045049	1385.317547	2116.193993	3271.493658
1.269330	509.236378	1301.366359	2125.685852	4565.868791
1.275580	411.040549	1241.239071	2029.112060	4564.554238
1.281830	361.897550	1252.857727	2070.071336	4586.908936
1.288080	364.069268	1191.718590	2127.754813	4517.356915
1.294330	365.504872	1091.067281	2094.455751	4358.950947
1.300580	348.047756	1083.221844	2045.840881	4332.446881
1.306830	333.306665	1055.885167	2088.806887	4311.841515
1.313080	334.675481	1057.814196	2090.124401	4337.827514
1.319330	315.849235	1117.414182	2309.760640	4196.248440
1.325580	377.992610	1191.650430	2685.779496	4140.082196
1.331830	484.816529	1194.930453	2289.727483	4131.263421
1.338080	465.684541	1182.395220	2100.246612	4213.996887
1.344330	461.819069	1188.070995	2001.974284	4185.935347
1.350580	461.396474	1213.713368	1953.541816	4157.497309
1.356830	465.427124	1220.394593	1936.887200	4131.090952
1.363080	468.814343	1234.832209	1949.489082	4098.383291
1.369330	473.099049	1244.195114	1935.751836	4054.179600
1.375580	472.668863	1228.522076	1888.501825	4038.217270
1.381830	479.726037	1227.716732	1882.846837	4043.598415
1.388080	476.459185	1201.574151	1851.249256	3953.745862
1.394330	485.365405	1203.550816	2148.224979	3793.352396
1.400580	443.069119	1151.441086	2009.358154	3747.917460
1.406830	416.800901	1105.431660	2135.455990	3747.603064
1.413080	382.984004	1059.083685	2156.677538	3682.579581
1.419330	369.576242	1051.258033	2136.662090	3561.329118
1.425580	366.362981	1005.463674	2168.076459	3633.226507
1.431830	326.424894	1014.626356	2190.570499	3783.775922
1.438080	358.404508	1069.289346	2187.081461	3812.469728
1.444330	402.679326	1104.153837	2263.678968	3771.665229
1.450580	421.123514	1164.294398	2334.881598	3947.346219
1.456830	445.019198	1103.720389	2225.763380	4127.364721
1.463080	457.188860	1115.489151	2211.624035	4016.468599
1.469330	475.148190	1150.547242	2264.303882	3917.886325
1.475580	496.329418	1165.640107	2243.466311	3873.092432
1.481830	510.045493	1170.722879	2182.908720	3801.625594
1.488080	518.012927	1161.297909	2148.324248	3731.036116
1.494330	522.947188	1053.825761	2171.055056	3658.017176
1.500580	525.448107	1069.810491	2205.931552	3890.382573
1.506830	521.107557	1059.703312	2207.916845	4015.875420
1.513080	505.165354	1097.350028	2217.920046	3985.707861
1.519330	484.902490	1217.767673	2252.862875	3892.343322
1.525580	452.090084	1251.736799	2266.428099	3993.659983
1.531830	399.691889	1147.526702	2164.070064	3821.006786
1.538080	362.990555	1188.278429	2187.127522	3783.462006
1.544330	382.550433	1280.240162	2232.932310	4604.216009
1.550580	370.747589	967.529671	2074.019587	3911.844931
1.556830	371.189952	1028.771281	2183.640928	3817.808234
1.563080	426.585562	1147.683637	2082.553208	3649.099374
1.569330	423.876908	1403.018760	2062.113960	3597.821095
1.575580	377.734720	1592.631850	2263.331993	3563.072398
1.581830	351.913347	1638.680267	2381.435064	3951.640767
1.588080	388.371446	1540.308997	2004.621368	4081.631880
1.594330	403.317082	1412.172876	2105.449245	4107.148302
1.600580	403.370987	1450.229993	2115.469453	4294.000391
1.606830	416.377693	1535.949985	1977.944269	4308.102574
1.613080	400.089038	1667.364289	1962.721745	4241.179665
1.619330	371.004287	1896.147146	2008.618968	4170.845848
1.625580	425.583188	2032.050226	4199.469526	4450.232209
1.631830	436.096575	2108.756253	3970.628760	4412.928764
1.638080	352.818025	2100.282787	3477.608096	4273.417457
1.644330	345.579220	2150.126422	2568.468212	3960.158642
1.650580	437.736275	2144.499017	3537.295811	4277.970902
1.656830	412.885754	2011.663077	3347.271405	4181.755891
1.663080	383.340321	2170.813906	3461.359857	4152.551886
1.669330	403.999793	2188.959160	2980.225418	4038.667373
1.675580	447.689062	2115.494085	2873.152366	3740.348931
1.681830	495.556304	2102.274386	2543.320209	3585.137583
1.688080	364.904338	2052.249779	2085.343469	3694.166720
1.694330	434.767754	1896.431979	3534.359882	3870.305069
1.700580	444.361092	1484.003679	2624.401246	3881.261389
1.706830	402.958340	1575.583763	2676.877446	4200.977748
1.713080	362.124146	1547.500606	2579.034064	3647.485275
1.719330	306.217595	1544.806393	2257.277572	3695.270871
1.725580	290.369342	1711.962117	2477.200610	3877.355841
1.731830	357.209864	1617.059385	2902.081718	4209.636384
1.738080	397.276335	1526.322178	2594.520018	4008.491390
1.744330	374.731044	1397.114384	2431.834579	3655.752818
1.750580	352.750621	1380.574088	2597.805949	3996.246319
1.756830	328.406563	1367.864304	2560.403685	4062.868687
1.763080	331.406832	1799.138695	3365.803018	4161.971233
1.769330	943.266351	2188.737168	3455.619359	4231.268020
1.775580	930.533727	2151.736744	3462.509025	4211.385348
1.781830	906.147790	2095.961775	3497.424579	4198.968807
1.788080	1586.119043	1982.052468	3365.394992	4122.571010
1.794330	391.452724	1564.571865	3202.200679	4106.055528
1.800580	375.002953	1512.033247	3002.854418	4128.374512
1.806830	359.964491	1504.892453	2878.394808	4104.813502
1.813080	358.566180	1506.839506	2665.336478	3938.032185
1.819330	345.312153	1516.058585	3395.764147	3990.615567
1.825580	297.558551	1519.257228	3587.057457	4434.108242
1.831830	305.023192	1535.752561	3051.104133	3598.936230
1.838080	291.514154	1623.154330	3484.281149	3590.899183
1.844330	283.694427	1799.684400	3655.387479	4281.564197
1.850580	1304.249403	2137.392374	3626.138723	4386.484995
1.856830	1185.093635	1968.949447	3537.560948	4356.896262
1.863080	428.389345	1424.776895	3359.510809	4187.937364
1.869330	365.828767	1613.527900	3403.721114	4201.025507
1.875580	208.457790	1605.019633	3435.408575	4231.164576
1.881830	1604.459802	3409.867903	4211.703992	4758.935838
1.888080	1674.930500	3390.625470	4278.574595	4750.842062
1.894330	1565.957766	3419.846803	4342.602348	4827.271762
1.900580	255.140332	1569.389651	3442.152556	4364.056677
1.906830	586.055746	1555.976152	3476.753149	4114.897472
1.913080	693.733597	1523.660777	3235.922916	3987.373729
1.919330	703.270009	1497.784279	3350.227424	4230.548254
1.925580	573.909953	1504.782826	3482.094122	3915.975551
1.931830	607.456396	1515.852363	3536.229262	4518.938999
1.938080	641.641404	1531.637613	3746.607861	4548.158923
1.944330	651.908984	1557.005599	3702.011487	4430.023393
1.950580	676.500587	1525.661124	3600.294912	4488.631225
1.956830	692.740065	1513.515629	3574.053364	4433.365645
1.963080	683.002970	1576.805794	3593.606827	4514.008540
1.969330	655.409697	1579.454696	3680.863684	4503.363955
1.975580	652.300663	1662.950607	3706.564343	4563.921382
1.981830	658.997431	1772.072583	3707.072093	4616.075865
1.988080	645.171058	1939.597439	3708.580932	4490.761719
1.994330	577.183280	1976.975984	3784.669231	4452.881050
2.000580	486.032982	1865.642380	3752.198314	4327.734829
2.006830	413.433922	1675.477193	3760.344336	4194.368932
2.013080	332.629746	1603.459894	3526.167368	4225.027316
2.019330	307.614123	1449.733114	2431.557272	4289.899425
2.025580	316.209787	1276.798550	1966.295412	4031.938300
2.031830	304.139374	1037.302948	2174.456215	4121.721838
2.038080	283.183213	1042.057241	2259.351299	4131.920850
2.044330	265.761563	1279.236407	2281.352077	4287.617518
2.050580	270.560177	1358.484055	2534.193773	4352.051768
2.056830	269.748258	1229.495106	2208.060966	4245.347398
2.063080	298.934474	1013.158416	2144.547529	4169.459117
2.069330	342.823941	2110.790924	4204.474564	--undefined--
2.075580	296.726171	2146.283980	3667.650257	4430.517972
2.081830	313.969997	2537.932415	3675.564143	4487.907617
2.088080	382.412181	2415.084905	3647.191752	4489.532460
2.094330	376.569540	2278.441095	3667.944225	4649.633183
2.100580	358.965813	2334.169420	3606.934505	4754.180995
2.106830	348.795219	2460.226909	3765.076873	4702.009231
2.113080	350.242541	2413.081453	3639.063975	4768.413106
2.119330	354.709789	2567.984386	3210.724141	4572.336289
2.125580	387.603931	839.203146	2865.524817	4430.542886
2.131830	400.043069	1022.411836	2870.103354	3944.425913
2.138080	392.341786	1110.831521	2896.507844	3830.450678
2.144330	381.265680	1166.408845	2960.531590	3819.598182
2.150580	397.535135	1251.200459	3019.993179	3806.078092
2.156830	404.015879	1288.457256	3017.469631	3896.272581
2.163080	423.088484	1357.860619	3035.655523	3846.450593
2.169330	423.221660	1221.569374	3009.157013	3866.370244
2.175580	424.035527	1122.223176	2961.596580	3852.315523
2.181830	430.314029	927.121921	2901.763352	3879.728865
2.188080	437.183854	777.375395	2880.710470	3959.118910
2.194330	427.917175	953.335373	2871.451683	3955.987402
2.200580	436.260824	899.794352	2861.020481	3932.193880
2.206830	441.846925	812.085462	2811.068800	3934.082005
2.213080	444.577113	2762.843686	3918.475663	4702.296630
2.219330	451.419746	2760.654502	3937.341607	4676.766440
2.225580	448.935138	2819.271455	4023.630092	4619.272000
2.231830	447.311060	2802.163403	4040.875186	4598.837268
2.238080	506.832925	2568.631058	3928.977849	4443.174078
2.244330	566.896116	2565.592128	4022.199925	4520.416534
2.250580	476.696800	2567.824278	3952.257588	4617.933829
2.256830	360.600542	2597.904050	3968.938334	4553.885083
2.263080	382.646124	2584.942465	4001.026430	4410.091226
2.269330	414.761937	2640.045037	4075.943501	4490.320618
2.275580	337.160247	1161.588304	3027.248513	3917.006310
2.281830	340.969173	1400.313436	3061.568766	3932.739626
2.288080	398.766991	1559.837359	3116.941149	4128.186812
2.294330	430.213760	1534.632986	3111.224628	4165.145795
2.300580	419.888976	1587.810466	3114.260451	3941.891453
2.306830	391.702760	1563.095437	3060.176527	3941.846313
2.313080	386.982715	1586.678950	3064.804934	3956.321633
2.319330	392.875071	1647.379058	3046.789257	3956.969199
2.325580	412.856598	1527.899897	3044.609013	3914.006389
2.331830	390.820669	1618.259618	3030.084113	4043.033105
2.338080	370.773327	1558.155086	3015.897334	4159.916799
2.344330	391.910568	1610.780309	3025.165261	4200.331171
2.350580	356.991463	1539.502322	3028.688630	4174.533053
2.356830	346.484292	1453.136696	3007.074213	4149.141649
2.363080	338.727027	1461.844208	3009.113632	4047.850362
2.369330	403.877498	1516.371722	3181.535456	4172.085463
2.375580	441.516891	1476.533920	3123.666298	4152.229605
2.381830	439.397709	1450.484701	3112.409879	4158.403279
2.388080	439.297479	1613.744737	3176.694208	3985.834235
2.394330	353.836227	1578.613207	3157.951394	3871.685777
2.400580	370.961854	1486.105393	2929.793594	3845.491497
2.406830	345.728230	1479.080604	3107.967805	3812.529210
2.413080	305.182376	1476.317351	2941.153978	3947.153466
2.419330	267.867214	1419.555444	2611.587983	4053.787918
2.425580	174.681133	1435.581824	2499.673898	4027.062440
2.431830	196.725267	1444.338973	2610.917973	3649.458950
2.438080	276.646034	1458.600911	3171.674282	3985.278963
2.444330	1445.730045	3212.130775	4013.072345	--undefined--
2.450580	1397.662942	2869.293161	3927.424732	--undefined--
2.456830	1035.314627	1425.350836	2903.692393	4108.853714
2.463080	1404.105094	2571.252903	3967.746676	--undefined--
2.469330	1423.274722	2948.159465	3992.075213	--undefined--
2.475580	1145.176575	1563.454099	3159.846539	4033.100332
2.481830	1306.879801	1368.428804	3249.397348	3987.825227
2.488080	339.331196	1405.111537	2806.288683	3764.543109
2.494330	1357.797803	2904.701006	3314.799112	--undefined--
2.500580	1176.168087	1669.746680	3151.987634	4191.267726
2.506830	1181.992842	1503.211506	3125.828407	4198.011919
2.513080	829.457630	1442.999700	2863.181991	4175.857622
2.519330	1033.727107	1457.710245	2933.754040	4176.365027
2.525580	654.734434	1522.423211	3049.322884	4154.999268
2.531830	356.164509	1466.230567	2838.607504	3836.832538
2.538080	1242.203685	2196.838447	2470.042204	3991.671134
2.544330	861.115257	1373.569921	2541.524654	3905.236295
2.550580	715.006079	1454.086521	2641.790129	3823.911609
2.556830	747.829750	1497.916084	1679.463424	3456.840807
2.563080	837.147561	1486.706126	3146.239784	4465.331244
2.569330	706.101241	1156.110111	2599.110303	4113.366646
2.575580	1090.428511	1586.455209	2872.381911	4153.180944
2.581830	1113.983925	1560.444012	3181.198151	4116.730912
2.588080	1138.513352	1459.249618	3232.544956	3989.517318
2.594330	1144.075370	1679.675734	2994.776717	4088.438332
2.600580	1147.810599	2026.750819	2836.795862	3799.149870
2.606830	769.554845	1381.940431	2561.655088	3737.782081
2.613080	1271.924260	1316.280054	2582.166947	3797.984396
2.619330	1334.920694	1562.445180	2924.887907	3760.753660
2.625580	1116.368605	1744.773171	3025.216252	3909.889872
2.631830	1077.050416	1633.259661	2880.150417	4073.916972
2.638080	1079.022446	1372.724427	2658.947092	4085.169816
2.644330	780.774339	1385.604709	2683.263384	4020.660368
2.650580	761.975411	1422.215947	2902.051310	4068.132652
2.656830	977.117395	1449.676734	2880.564455	4062.685952
2.663080	1060.320891	1597.412829	3149.723470	3974.260620
2.669330	1094.119409	1517.625464	2898.343318	4118.745340
2.675580	938.393562	1434.783465	2789.310339	3935.614201
2.681830	973.077308	1432.522786	2785.198866	3804.570979
2.688080	1148.683867	1703.864121	2723.819918	4077.897113
2.694330	415.145677	1250.680599	2188.148966	3302.962367
2.700580	350.988820	1239.193594	2128.706651	3308.726242
2.706830	326.710383	1236.139881	2241.197636	3531.310484
2.713080	1207.033544	1483.229555	2452.002869	4159.726463
2.719330	1068.155237	1738.107546	2830.992890	4263.061119
2.725580	1051.174156	1615.526730	2809.474538	4310.733584
2.731830	1223.145566	1701.563906	2960.678272	4176.210161
2.738080	1228.709605	2274.425931	3609.226241	--undefined--
2.744330	1291.735939	2456.600683	4088.816673	--undefined--
2.750580	1073.714584	1714.009332	2756.924070	4161.322991
2.756830	1112.908188	1972.963984	3640.929077	3831.256441
2.763080	1141.614033	2155.675182	3813.862501	--undefined--
2.769330	1217.264932	2155.079626	3742.783681	--undefined--
2.775580	174.623590	1283.345879	2007.813455	3768.105698
2.781830	233.028520	1139.593958	1860.036348	4059.994962
2.788080	253.612152	1190.553126	2028.546587	4060.121797
2.794330	245.853403	1243.029227	2197.031858	4054.338615
2.800580	255.917903	1250.222085	2192.547661	3956.908212
2.806830	250.714778	1201.273608	2189.857788	4045.275057
2.813080	256.052202	1156.687462	2110.872607	3889.587052
2.819330	623.538354	1322.920024	3501.037213	4359.341095
2.825580	608.794290	1213.206572	3486.832596	4559.701827
2.831830	618.404947	1137.972333	1339.041167	3392.263215
2.838080	587.202971	1119.305000	2043.034776	3657.041770
2.844330	657.944614	1196.349767	1279.006676	3574.482353
2.850580	723.579255	1244.376928	3531.674601	4720.346347
2.856830	676.487770	1213.122241	3567.140386	4545.444270
2.863080	662.203598	1193.390615	3548.108956	4543.200402
2.869330	667.341108	935.276764	1248.628516	3527.216132
2.875580	658.773179	1277.199322	3582.162102	4445.504563
2.881830	656.159391	1228.692136	3591.312024	4337.491255
2.888080	644.818171	1228.375096	3579.436897	4423.689308
2.894330	633.166547	1263.583931	3589.238012	4716.288472
2.900580	623.958328	1318.196713	3599.517480	4908.199891
2.906830	626.943039	1358.573546	3608.522391	4905.985484
2.913080	591.208366	1350.334507	3573.002830	4669.399520
2.919330	572.241628	1340.757390	3505.702119	4384.378404
2.925580	553.087630	1380.447904	3708.397862	4468.116646
2.931830	490.160849	1385.928296	3018.031518	4365.523163
2.938080	505.360297	1352.392771	2855.926808	4039.943707
2.944330	571.261349	1376.366043	2833.104658	3679.894191
2.950580	534.248576	1379.915969	2761.183551	3373.921838
2.956830	553.970783	1359.896914	2682.039273	3245.531642
2.963080	477.251312	1344.761807	2697.811621	4236.444239
2.969330	475.054951	1349.380023	2710.242490	4277.244683
2.975580	475.752151	1348.161630	2754.413311	4350.764210
2.981830	471.190094	1314.317152	2804.582671	4479.278844
2.988080	466.765012	1250.337769	2801.681673	4592.142640
2.994330	458.833461	1172.111328	2748.070103	2842.651250
3.000580	446.020882	1155.572815	2886.894341	4803.141787
3.006830	455.422560	1106.844156	2898.178024	4719.718350
3.013080	432.135018	1060.296458	2916.354287	4814.622000
3.019330	424.965320	1052.959220	2911.369705	4775.261372
3.025580	433.543655	1005.477404	2810.920064	4772.238371
3.031830	437.396463	957.556103	2629.251305	3264.059289
3.038080	436.132279	946.806542	2650.012579	3511.548741
3.044330	431.965941	957.342616	3037.516193	3074.687401
3.050580	430.100529	961.960814	2933.048413	4896.175195
3.056830	431.387937	933.253293	2822.532495	3603.861953
3.063080	411.897159	916.375996	2715.857768	3539.880186
3.069330	411.812121	919.001625	2963.924802	3452.723528
3.075580	361.284325	897.529798	2587.149786	3081.069143
3.081830	375.919135	905.267517	2947.608606	3019.269668
3.088080	394.981319	923.633016	2927.940907	3675.137996
3.094330	401.452907	947.834179	2923.484844	5009.192360
3.100580	408.002652	933.388012	2907.884820	5015.690148
3.106830	407.608644	954.610321	2879.045181	4978.270401
3.113080	420.247300	982.641719	2813.477604	4540.202325
3.119330	430.607275	1025.207407	2804.283720	4497.803352
3.125580	435.187996	1075.493622	2879.045622	4573.780923
3.131830	444.031735	1103.915945	3076.428650	4434.401338
3.138080	449.280711	1196.476019	3416.505713	4497.954549
3.144330	442.744351	1270.894946	3698.092981	4518.307840
3.150580	437.896968	1282.961849	3768.723846	4578.233135
3.156830	426.488861	1307.700236	3418.755708	4106.447743
3.163080	442.912793	1285.984902	2824.707928	4551.627455
3.169330	450.602206	1363.010138	3503.825327	4577.671336
3.175580	465.291723	1404.828880	3197.107823	4200.093551
3.181830	550.037619	1395.700232	2959.436683	4160.769929
3.188080	505.416949	1498.427711	2880.419959	4190.405801
3.194330	524.722650	1456.791711	2959.477598	4228.448641
3.200580	621.377912	1452.643311	3150.161798	4035.338117
3.206830	527.971635	1434.074362	3066.211631	3539.225662
3.213080	572.567113	1447.505874	3025.683082	3662.364350
3.219330	631.654195	1430.612544	2800.401177	4522.728230
3.225580	639.507610	1432.299260	2967.093718	4116.558956
3.231830	606.628059	1386.660733	2838.111550	4344.552796
3.238080	560.527645	1367.796583	2767.809042	4488.972170
3.244330	569.026228	1409.472004	2647.099616	4295.313510
3.250580	582.927667	1428.332356	2632.908828	4199.826127
3.256830	594.803682	1425.355958	2702.263510	3998.564750
3.263080	605.526822	1445.273037	2927.871378	4206.167334
3.269330	601.297414	1445.364180	2240.728787	3940.586826
3.275580	613.522342	1475.583117	2456.157270	4195.581489
3.281830	579.928900	1494.330170	2387.422341	4263.284312
3.288080	551.758995	1505.627589	2370.143654	4287.475561
3.294330	532.734411	1496.760971	2389.516393	4050.225216
3.300580	512.126764	1562.274788	2520.557824	4466.851507
3.306830	486.095297	1729.452784	2430.033502	4257.118296
3.313080	456.347813	1874.458167	2411.013345	4195.203617
3.319330	435.115983	1838.327453	2455.174223	4205.546308
3.325580	404.799486	1830.001378	2782.787201	4244.574170
3.331830	417.154947	1792.498918	2787.218951	4117.608875
3.338080	473.669063	1612.425379	2741.799565	4069.716096
3.344330	439.661339	1627.046806	2896.518908	4245.653908
3.350580	456.907739	1599.986310	3197.077449	4152.599059
3.356830	458.925180	1788.041597	3212.074998	4115.477027
3.363080	416.694734	1808.148726	3512.981161	4126.259026
3.369330	390.258144	1763.243280	3332.430570	4095.304801
3.375580	377.933058	1790.459894	3131.154225	4033.762197
3.381830	440.982024	1675.261875	3166.491072	4088.462300
3.388080	447.452404	1780.561780	3348.300361	4065.195632
3.394330	588.287751	1967.183782	3255.661876	3667.464044
3.400580	932.884843	1987.800091	3113.645427	3658.797458
3.406830	838.159682	1943.967459	3462.919740	3632.071421
3.413080	661.247183	1598.124735	3323.285959	4017.264407
3.419330	656.241018	1515.217901	2931.228847	3832.448960
3.425580	623.232085	1421.462554	2731.454297	3835.255342
3.431830	503.725923	1308.321735	2577.248913	3990.298307
3.438080	494.892082	1196.624801	2711.606779	3892.078885
3.444330	442.019892	1179.358798	2570.187909	3969.661021
3.450580	466.393500	1160.031423	2417.583882	4027.967972
3.456830	483.719668	1099.716197	2304.928862	3881.552122
3.463080	462.796319	1083.243892	2391.729751	3872.475616
3.469330	440.677752	1055.747852	2366.098971	3871.448902
3.475580	447.365723	1044.315934	2288.313341	3916.593360
3.481830	468.946194	1073.250377	2363.926486	3843.795912
3.488080	452.318476	1072.743046	2303.609122	3826.438690
3.494330	463.718609	1111.075856	2261.743900	4002.324065
3.500580	466.770123	1143.944961	2598.508153	4323.066112
3.506830	742.607985	1263.320126	2755.819438	4392.763930
3.513080	641.241987	1332.886495	2716.179565	4379.330543
3.519330	474.472243	1096.563428	2061.445430	3849.343979
3.525580	461.530875	1058.900038	2049.699659	4076.891785
3.531830	446.625726	999.388662	2110.035261	4165.639807
3.538080	452.893691	957.216974	2165.231882	4201.116079
3.544330	449.960412	933.841524	2184.736790	4255.067925
3.550580	451.608469	949.787775	2207.568464	4106.481975
3.556830	449.116728	920.992069	2218.495137	4062.727988
3.563080	450.344997	890.895951	2222.480710	3865.602511
3.569330	456.066191	874.076266	2226.650859	3836.825905
3.575580	445.749849	859.783123	2211.162272	3906.066540
3.581830	450.497007	831.001861	2262.349842	3752.222595
3.588080	447.448346	832.793154	2334.993652	3313.532888
3.594330	478.987674	877.976587	2236.427396	3564.738357
3.600580	471.074602	1048.844143	2633.280587	3788.472735
3.606830	455.330817	1148.062677	2920.331786	4369.115627
3.613080	495.954693	1317.778191	2996.711440	3251.745877
3.619330	516.497541	1391.567989	2510.595993	4044.835301
3.625580	467.274539	1037.592680	2298.682407	3794.011156
3.631830	437.641593	1056.926161	2398.194721	3720.171585
3.638080	430.988920	1072.999235	2724.649189	4324.118759
3.644330	429.356506	1023.399542	2561.049188	3941.704918
3.650580	417.399441	1048.164500	2463.013768	3731.959353
3.656830	434.291072	1288.052906	2373.343688	3768.109627
3.663080	435.858855	1555.123475	2662.224801	3299.511869
3.669330	403.389031	1280.325307	2251.087426	3435.015972
3.675580	394.841462	1258.294679	2425.711927	3646.719520
3.681830	426.251926	1396.208539	2487.765519	3911.687388
3.688080	477.160815	1304.389374	2408.339116	3857.755169
3.694330	511.708928	1541.110299	2366.535300	3957.136923
3.700580	534.743842	1789.362314	2425.606227	3988.609938
3.706830	508.820271	1596.399036	2562.356389	4125.217680
3.713080	471.352040	1485.480295	2417.644324	3994.839663
3.719330	447.782706	1563.881651	2486.021662	3960.628730
3.725580	442.576526	1517.784484	2743.197787	3969.190307
3.731830	448.160847	1600.760326	2822.602374	3984.326422
3.738080	431.620113	1705.648360	2855.953104	4022.752245
3.744330	435.782747	1748.916152	2896.306956	3888.127027
3.750580	473.678152	1610.992982	2889.356537	3578.124896
3.756830	440.953198	1513.277890	2367.401254	3981.828325
3.763080	403.538788	1556.224062	2531.413052	4066.807784
3.769330	443.903062	1445.630387	2599.669446	4091.656812
3.775580	444.282584	1522.351753	2492.117635	3933.783671
3.781830	473.108531	1449.489196	2475.391644	4024.716832
3.788080	511.814402	1467.606280	2660.921957	4232.821444
3.794330	462.605302	1512.395366	2792.001475	4090.300887
3.800580	467.195800	1745.816495	2756.349326	3923.775356
3.806830	780.823929	1669.936201	2513.981507	3728.741031
3.813080	1419.971810	2414.323084	3373.432825	4918.897576
3.819330	1133.688139	2085.426175	3256.529639	4702.728698
3.825580	1004.440136	1896.028126	3140.482820	4707.958690
3.831830	989.630584	1650.244534	2586.131089	3727.802548
3.838080	1166.733736	2127.966842	3397.827628	4118.191578
3.844330	1571.646864	2275.666961	3606.854576	5228.506248
3.850580	1575.675477	2713.851133	3618.872072	5099.557669
3.856830	1315.674333	2513.481289	3743.582424	5078.150926
3.863080	1020.348282	2424.171975	3240.019611	4264.231534
3.869330	1122.067001	2277.176003	3106.736863	4267.390037
3.875580	627.694180	1701.499916	2869.946765	4147.333251
3.881830	572.967746	1585.143578	2753.347597	3856.145139
3.888080	1162.331343	2088.411790	3491.533330	4723.717941
3.894330	1347.723797	2770.061980	3275.003424	5051.670081
3.900580	244.932941	1407.569563	2732.128109	3802.695462
3.906830	1384.407998	2542.228130	3860.527764	5055.061995
3.913080	1387.684072	2269.948154	3481.546926	4767.228486
3.919330	430.760125	1495.937372	2567.157418	3796.725641
3.925580	453.311617	1475.342104	2617.025837	3970.569297
3.931830	1276.918105	2853.667182	3951.645936	4000.514058
3.938080	183.861283	1488.773563	2920.016326	3780.519783
3.944330	638.414001	1537.537480	3057.793464	4125.400676
3.950580	660.675647	1545.643215	3096.326374	4138.618414
3.956830	1009.769219	1644.532194	3268.749765	4347.163160
3.963080	1025.816282	2249.093340	4016.960678	4861.868544
3.969330	1157.283751	2335.834018	3317.472311	4506.975291
3.975580	1325.226412	2443.195007	3533.477032	4519.838558
3.981830	1346.905166	2445.439301	3420.489156	4525.109460
3.988080	1251.205467	2285.287965	3180.494270	4534.009961
3.994330	1258.863708	2381.348211	3341.557416	4461.933571
4.000580	1297.656675	2690.566699	4215.657440	4733.100666
4.006830	1350.281137	2436.682119	3838.527338	4751.972620
4.013080	1297.130801	2203.841523	3932.204479	5107.116020
4.019330	1390.767086	2331.046105	3977.983626	5112.622498
4.025580	1285.447520	2238.682865	3901.311680	--undefined--
4.031830	1237.397167	2421.889689	3855.037204	5246.955344
4.038080	423.461620	1324.324511	2532.168248	3879.693760
4.044330	441.910731	1534.359370	2650.947519	4444.693365
4.050580	878.391604	1578.618703	2503.706606	3814.906093
4.056830	1267.643671	2107.434423	3929.495947	--undefined--
4.063080	1249.459772	2379.759347	2685.451215	4129.690911
4.069330	1239.150842	2493.733978	4259.570569	--undefined--
4.075580	1142.212295	2359.568876	2696.945577	4561.873816
4.081830	1172.884261	1951.726754	2763.964835	4692.533829
4.088080	981.008885	1581.461041	2611.325010	4390.448253
4.094330	536.304900	1471.921159	2472.542064	4034.127808
4.100580	517.586787	1433.523156	2382.049402	3869.119150
4.106830	1103.812187	2217.528712	2654.782012	4294.887115
4.113080	1119.723329	2344.585007	2510.014180	4161.719391
4.119330	1218.060368	2158.484497	2364.478558	4213.984761
4.125580	1414.005811	2437.904601	4172.337294	--undefined--
4.131830	1083.666855	1507.860207	2667.517201	4079.764001
4.138080	996.791052	1495.714256	2704.227683	3957.488266
4.144330	992.687255	1712.260828	2801.930533	4044.669925
4.150580	917.633140	1551.644645	2914.102445	4180.789309
4.156830	802.622180	1452.933390	2732.598363	4264.168146
4.163080	561.917562	1538.131093	3019.779759	4391.361663
4.169330	1210.180401	2649.995736	3157.717198	4553.319757
4.175580	1338.817193	2638.298516	3267.002585	4592.146836
4.181830	1485.658974	3033.562388	4185.472517	--undefined--
4.188080	658.519810	1455.254194	2658.298661	3791.382961
4.194330	1207.194087	1791.749351	2722.699319	3920.195971
4.200580	998.506886	1269.227013	2501.069221	4081.057390
4.206830	679.342209	1503.003971	2428.303384	3901.805152
4.213080	702.364345	1544.327452	2396.247841	3794.799961
4.219330	806.494093	1498.244665	2433.469445	3995.566177
4.225580	592.759053	1436.854641	2453.665813	3902.766778
4.231830	369.718387	1466.484580	2516.588847	3889.946574
4.238080	407.184501	1464.574441	2467.879375	4016.845101
4.244330	669.302981	1483.711621	2359.210856	3830.193072
