Time_s   Intensity_dB
0.911989   40.542849
0.922655   39.653904
0.933322   40.074394
0.943989   40.884241
0.954655   40.466763
0.965322   38.925396
0.975989   37.044476
0.986655   40.028856
0.997322   43.980984
1.007989   61.733613
1.018655   72.032408
1.029322   76.285823
1.039989   75.432800
1.050655   69.800387
1.061322   61.681000
1.071989   59.324251
1.082655   57.206976
1.093322   53.484332
1.103989   48.306700
1.114655   41.903841
1.125322   39.265507
1.135989   47.749594
1.146655   63.364726
1.157322   75.957549
1.167989   83.086840
1.178655   85.606463
1.189322   84.480007
1.199989   82.443441
1.210655   82.377199
1.221322   82.639326
1.231989   82.437256
1.242655   82.040076
1.253322   81.348375
1.263989   80.739814
1.274655   82.868313
1.285322   84.850891
1.295989   83.737086
1.306655   80.825023
1.317322   79.057531
1.327989   77.808698
1.338655   75.960841
1.349322   74.065129
1.359989   73.454610
1.370655   73.775769
1.381322   74.881786
1.391989   76.434070
1.402655   77.361189
1.413322   77.675005
1.423989   77.816853
1.434655   77.759124
1.445322   77.488469
1.455989   77.211836
1.466655   77.063158
1.477322   76.862934
1.487989   76.043228
1.498655   74.565022
1.509322   74.468300
1.519989   74.919668
1.530655   74.493548
1.541322   73.732815
1.551989   73.171680
1.562655   73.328948
1.573322   74.373297
1.583989   75.330879
1.594655   75.380304
1.605322   74.812833
1.615989   74.253914
1.626655   73.829633
1.637322   73.704042
1.647989   73.705189
1.658655   73.553346
1.669322   73.132290
1.679989   72.600657
1.690655   72.302045
1.701322   72.033615
1.711989   71.409456
1.722655   69.517632
1.733322   65.277853
1.743989   58.734426
1.754655   52.510982
1.765322   53.748113
1.775989   61.117278
1.786655   65.684062
1.797322   71.964532
1.807989   76.828410
1.818655   77.902441
1.829322   77.507906
1.839989   77.654189
1.850655   77.383951
1.861322   76.823794
1.871989   76.229012
1.882655   75.593370
1.893322   75.153304
1.903989   74.951062
1.914655   74.837471
1.925322   74.577999
1.935989   74.078650
1.946655   73.515972
1.957322   72.980559
1.967989   72.673700
1.978655   72.692566
1.989322   72.683073
1.999989   72.303783
2.010655   71.736992
2.021322   71.298658
2.031989   70.877541
2.042655   70.446658
2.053322   70.023527
2.063989   69.642285
2.074655   69.381188
2.085322   69.237235
2.095989   69.010151
2.106655   68.462104
2.117322   67.128634
2.127989   64.906005
2.138655   65.492501
2.149322   70.223894
2.159989   72.503619
2.170655   70.100821
2.181322   62.477965
2.191989   50.297901
2.202655   41.611006
2.213322   37.928785
2.223989   36.487045
2.234655   35.212716
2.245322   35.585300
2.255989   50.205012
2.266655   61.278611
2.277322   72.569779
2.287989   78.258592
2.298655   78.989777
2.309322   75.138582
2.319989   69.263933
2.330655   70.965437
2.341322   72.089775
2.351989   69.721822
2.362655   63.563357
2.373322   53.776076
2.383989   45.027561
2.394655   43.926611
2.405322   45.466882
2.415989   44.698361
2.426655   41.394124
2.437322   39.507742
2.447989   40.468995
2.458655   40.425501
2.469322   38.868636
2.479989   36.610099
2.490655   35.054585
2.501322   34.120332
2.511989   35.649237
2.522655   39.633424
2.533322   41.040924
2.543989   38.628395
2.554655   34.595466
2.565322   37.042093
2.575989   51.964953
2.586655   61.866991
2.597322   67.823610
2.607989   73.105729
2.618655   77.187975
2.629322   79.191826
2.639989   79.615105
2.650655   79.350711
2.661322   78.964285
2.671989   78.489592
2.682655   78.111194
2.693322   78.012033
2.703989   77.863941
2.714655   77.298118
2.725322   76.010252
2.735989   73.673232
2.746655   70.828724
2.757322   69.988564
2.767989   70.133860
2.778655   68.091854
2.789322   65.684749
2.799989   71.369449
2.810655   76.023228
2.821322   77.800392
2.831989   77.953420
2.842655   77.775374
2.853322   77.733026
2.863989   77.983238
2.874655   78.326773
2.885322   78.434180
2.895989   78.439071
2.906655   78.303108
2.917322   77.776194
2.927989   77.147255
2.938655   77.424533
2.949322   78.064122
2.959989   78.281184
2.970655   78.315432
2.981322   78.529173
2.991989   78.999714
3.002655   79.541342
3.013322   79.828855
3.023989   79.785232
3.034655   79.994718
3.045322   80.799454
3.055989   81.575540
3.066655   81.904978
3.077322   82.034575
3.087989   82.067008
3.098655   81.795891
3.109322   81.574685
3.119989   81.552044
3.130655   81.677150
3.141322   81.958634
3.151989   82.014628
3.162655   81.862736
3.173322   81.639459
3.183989   81.360791
3.194655   81.028959
3.205322   80.548248
3.215989   80.117723
3.226655   80.010682
3.237322   79.990922
3.247989   79.587709
3.258655   78.935100
3.269322   78.034541
3.279989   76.580156
3.290655   74.455117
3.301322   71.170645
3.311989   66.646330
3.322655   61.307594
3.333322   55.154574
3.343989   51.940378
3.354655   52.112940
3.365322   52.161460
3.375989   51.891602
3.386655   50.802412
3.397322   48.977176
3.407989   47.818959
3.418655   47.685409
3.429322   46.626527
3.439989   46.139885
3.450655   46.477660
3.461322   46.483561
3.471989   45.109279
3.482655   43.626550
3.493322   44.282724
3.503989   52.172890
3.514655   64.131709
3.525322   71.612918
3.535989   75.932463
3.546655   78.388737
3.557322   79.544169
3.567989   79.806824
3.578655   79.701407
3.589322   79.756699
3.599989   79.884520
3.610655   79.835175
3.621322   79.789196
3.631989   79.870699
3.642655   79.890402
3.653322   79.838952
3.663989   79.639528
3.674655   78.639585
3.685322   75.974189
3.695989   72.206937
3.706655   70.337818
3.717322   73.329527
3.727989   77.738668
3.738655   79.950826
3.749322   80.687449
3.759989   80.914701
3.770655   80.959835
3.781322   80.816683
3.791989   80.466287
3.802655   80.030506
3.813322   79.504876
3.823989   78.338729
3.834655   75.631177
3.845322   71.026787
3.855989   65.997916
3.866655   61.426884
3.877322   57.944404
3.887989   58.662074
3.898655   65.844591
3.909322   71.433633
3.919989   72.622701
3.930655   72.802264
3.941322   77.178421
3.951989   81.020191
3.962655   83.090973
3.973322   83.552854
3.983989   83.755328
3.994655   83.956755
4.005322   83.433667
4.015989   83.361178
4.026655   83.986940
4.037322   83.884209
4.047989   82.748589
4.058655   82.319154
4.069322   81.911826
4.079989   79.424118
4.090655   73.677056
4.101322   64.334585
4.111989   59.141427
4.122655   66.936929
4.133322   73.149735
4.143989   77.358199
4.154655   79.188144
4.165322   79.322195
4.175989   78.851942
4.186655   78.394379
4.197322   78.231450
4.207989   78.234871
4.218655   78.191393
4.229322   78.400679
4.239989   78.713712
4.250655   78.912886
4.261322   78.927828
4.271989   78.439144
4.282655   77.217313
4.293322   75.181235
4.303989   71.695747
4.314655   66.318679
4.325322   59.887907
4.335989   55.187947
4.346655   55.136249
4.357322   53.233746
4.367989   48.421769
4.378655   59.296811
4.389322   73.002369
4.399989   80.371315
4.410655   82.992312
4.421322   82.430807
4.431989   81.319253
4.442655   80.316428
4.453322   77.993978
4.463989   76.051428
4.474655   76.053724
4.485322   77.429185
4.495989   79.797440
4.506655   81.351200
4.517322   82.070279
4.527989   81.487760
4.538655   78.058434
4.549322   71.815519
4.559989   72.217539
4.570655   76.206117
4.581322   77.304632
4.591989   77.189755
4.602655   77.030942
4.613322   76.708451
4.623989   76.215738
4.634655   75.767779
4.645322   75.585613
4.655989   75.182468
4.666655   74.505129
4.677322   73.409687
4.687989   71.231131
4.698655   68.038154
4.709322   63.792459
4.719989   57.558153
4.730655   50.105757
4.741322   43.958513
4.751989   39.209069
4.762655   38.657510
4.773322   38.316240
4.783989   38.157628
4.794655   38.710152
4.805322   38.384033
4.815989   37.641656
4.826655   36.903397
4.837322   37.497455
4.847989   38.206938
4.858655   37.865181
4.869322   37.405138
4.879989   37.403546
4.890655   37.735630
4.901322   38.638537
