Time_s	Intensity_dB
0.042764	-300.000000
0.053431	-300.000000
0.064098	-300.000000
0.074764	-300.000000
0.085431	-300.000000
0.096098	-300.000000
0.106764	-300.000000
0.117431	-300.000000
0.128098	-300.000000
0.138764	-300.000000
0.149431	-300.000000
0.160098	-300.000000
0.170764	-300.000000
0.181431	-300.000000
0.192098	-300.000000
0.202764	-300.000000
0.213431	-300.000000
0.224098	-300.000000
0.234764	-300.000000
0.245431	-300.000000
0.256098	-300.000000
0.266764	-300.000000
0.277431	-300.000000
0.288098	-300.000000
0.298764	-300.000000
0.309431	-300.000000
0.320098	-300.000000
0.330764	-76.554398
0.341431	-54.245134
0.352098	-22.510432
0.362764	-14.103576
0.373431	-5.414664
0.384098	2.017394
0.394764	7.806551
0.405431	12.521216
0.416098	16.436681
0.426764	24.277601
0.437431	30.923026
0.448098	33.427545
0.458764	31.980468
0.469431	28.157033
0.480098	25.919919
0.490764	25.017648
0.501431	25.717593
0.512098	28.762949
0.522764	30.261490
0.533431	30.193991
0.544098	30.142446
0.554764	30.531039
0.565431	31.590453
0.576098	33.021366
0.586764	33.452070
0.597431	33.939278
0.608098	35.107834
0.618764	35.570341
0.629431	35.845984
0.640098	35.745947
0.650764	36.568910
0.661431	37.353973
0.672098	37.596750
0.682764	38.312923
0.693431	38.723495
0.704098	38.721888
0.714764	38.696678
0.725431	37.488615
0.736098	38.758863
0.746764	42.213501
0.757431	42.530176
0.768098	41.413762
0.778764	41.663279
0.789431	45.447544
0.800098	53.223659
0.810764	57.223667
0.821431	57.387224
0.832098	61.176676
0.842764	67.125812
0.853431	70.337965
0.864098	71.791753
0.874764	72.438567
0.885431	72.620808
0.896098	72.794587
0.906764	73.270201
0.917431	73.861926
0.928098	74.276348
0.938764	74.430859
0.949431	74.431071
0.960098	74.357594
0.970764	74.390786
0.981431	74.478733
0.992098	74.187493
1.002764	73.419088
1.013431	72.517854
1.024098	72.827173
1.034764	74.243165
1.045431	75.262685
1.056098	75.663223
1.066764	75.869276
1.077431	75.624730
1.088098	74.508193
1.098764	73.223490
1.109431	72.826878
1.120098	73.309606
1.130764	74.444690
1.141431	75.535907
1.152098	76.397427
1.162764	77.000236
1.173431	77.080954
1.184098	76.766030
1.194764	76.573573
1.205431	76.488249
1.216098	76.197221
1.226764	75.944329
1.237431	75.797929
1.248098	75.179761
1.258764	74.398247
1.269431	74.448382
1.280098	74.949211
1.290764	75.406695
1.301431	75.739604
1.312098	75.568511
1.322764	74.866477
1.333431	73.895294
1.344098	72.072825
1.354764	68.448535
1.365431	64.126911
1.376098	61.639855
1.386764	61.421413
1.397431	66.169681
1.408098	70.206483
1.418764	71.927982
1.429431	72.065530
1.440098	70.732211
1.450764	67.951049
1.461431	64.055933
1.472098	60.530573
1.482764	58.757269
1.493431	57.349730
1.504098	55.049610
1.514764	53.150694
1.525431	52.506896
1.536098	53.892414
1.546764	56.741146
1.557431	59.313085
1.568098	62.843227
1.578764	66.744270
1.589431	68.346506
1.600098	68.068288
1.610764	66.806181
1.621431	65.213110
1.632098	63.635640
1.642764	62.128315
1.653431	61.209023
1.664098	60.718376
1.674764	61.772022
1.685431	64.171150
1.696098	66.129854
1.706764	67.164963
1.717431	67.198850
1.728098	66.970913
1.738764	67.001996
1.749431	66.680440
1.760098	65.974300
1.770764	65.246030
1.781431	64.266263
1.792098	63.815271
1.802764	64.048520
1.813431	64.378140
1.824098	65.067686
1.834764	66.536376
1.845431	68.234097
1.856098	69.211810
1.866764	69.801311
1.877431	70.238031
1.888098	70.059468
1.898764	69.209398
1.909431	68.240170
1.920098	68.335015
1.930764	69.037359
1.941431	68.718610
1.952098	67.828884
1.962764	68.196756
1.973431	69.121718
1.984098	69.225080
1.994764	68.189357
2.005431	66.135812
2.016098	63.678554
2.026764	60.725633
2.037431	56.333805
2.048098	52.881783
2.058764	52.673167
2.069431	51.836946
2.080098	49.996523
2.090764	49.362974
2.101431	49.486156
2.112098	48.154477
2.122764	46.798599
2.133431	46.703032
2.144098	47.450812
2.154764	47.261312
2.165431	47.357117
2.176098	46.700204
2.186764	45.588656
2.197431	44.929986
2.208098	43.445617
2.218764	41.736022
2.229431	41.954614
2.240098	41.917463
2.250764	40.096716
2.261431	39.113442
2.272098	39.830982
2.282764	40.131479
2.293431	39.912139
2.304098	39.284757
2.314764	40.021786
2.325431	41.856213
2.336098	45.645855
2.346764	53.748106
2.357431	59.876642
2.368098	62.687495
2.378764	63.156907
2.389431	62.781290
2.400098	62.841821
2.410764	64.533325
2.421431	66.049335
2.432098	65.851952
2.442764	64.871999
2.453431	64.268025
2.464098	64.600679
2.474764	65.188113
2.485431	65.364084
2.496098	65.297940
2.506764	64.369809
2.517431	62.707617
2.528098	62.873717
2.538764	66.048035
2.549431	68.474105
2.560098	69.462952
2.570764	69.533967
2.581431	68.924023
2.592098	67.888164
2.602764	67.224787
2.613431	67.648569
2.624098	69.016369
2.634764	70.502803
2.645431	71.648359
2.656098	72.748487
2.666764	73.486052
2.677431	73.802329
2.688098	73.977353
2.698764	73.952647
2.709431	73.347413
2.720098	71.544421
2.730764	68.038144
2.741431	64.532297
2.752098	63.900613
2.762764	63.882530
2.773431	66.783031
2.784098	70.232149
2.794764	71.547497
2.805431	71.989851
2.816098	72.529028
2.826764	72.413320
2.837431	71.302664
2.848098	69.906513
2.858764	68.252981
2.869431	66.125148
2.880098	64.673030
2.890764	63.051639
2.901431	60.309810
2.912098	57.813152
2.922764	55.516955
2.933431	54.920598
2.944098	55.158341
2.954764	58.614168
2.965431	63.681963
2.976098	64.815033
2.986764	62.606227
2.997431	62.584407
3.008098	66.551196
3.018764	70.784346
3.029431	74.432425
3.040098	75.782624
3.050764	75.077870
3.061431	74.178615
3.072098	73.420403
3.082764	75.151242
3.093431	77.328351
3.104098	77.907887
3.114764	77.841119
3.125431	77.852521
3.136098	77.652448
3.146764	76.674398
3.157431	74.787508
3.168098	72.407418
3.178764	70.077070
3.189431	67.272824
3.200098	64.324609
3.210764	61.589817
3.221431	58.726278
3.232098	57.851506
3.242764	59.778331
3.253431	60.806984
3.264098	58.999248
3.274764	55.034020
3.285431	52.248884
3.296098	50.942742
3.306764	50.043150
3.317431	49.640320
3.328098	50.480660
3.338764	50.265389
3.349431	49.050751
3.360098	47.527573
3.370764	45.961289
3.381431	44.828433
3.392098	44.051685
3.402764	43.282448
3.413431	42.507527
3.424098	42.628982
3.434764	42.831257
3.445431	42.561280
3.456098	41.608617
3.466764	39.816785
3.477431	38.223438
3.488098	37.688071
3.498764	38.152032
3.509431	38.422171
3.520098	38.685332
3.530764	40.766898
3.541431	42.869821
3.552098	42.228502
3.562764	40.079216
3.573431	39.411277
3.584098	38.793640
3.594764	38.172007
3.605431	38.127670
3.616098	37.169076
3.626764	35.844068
3.637431	35.689772
3.648098	35.869723
3.658764	36.697619
3.669431	37.661473
3.680098	38.352858
3.690764	38.655580
3.701431	39.189500
3.712098	39.692429
3.722764	39.854185
3.733431	38.977585
3.744098	38.017332
3.754764	39.922144
3.765431	41.638168
3.776098	41.619517
3.786764	40.892619
3.797431	41.266192
3.808098	41.549158
3.818764	40.665487
3.829431	40.180083
3.840098	39.636421
3.850764	38.532957
3.861431	39.006356
