Time_s	F0_Hz
0.024955	--undefined--
0.034955	--undefined--
0.044955	--undefined--
0.054955	--undefined--
0.064955	--undefined--
0.074955	--undefined--
0.084955	--undefined--
0.094955	--undefined--
0.104955	--undefined--
0.114955	--undefined--
0.124955	--undefined--
0.134955	--undefined--
0.144955	--undefined--
0.154955	--undefined--
0.164955	--undefined--
0.174955	--undefined--
0.184955	--undefined--
0.194955	--undefined--
0.204955	--undefined--
0.214955	--undefined--
0.224955	--undefined--
0.234955	--undefined--
0.244955	--undefined--
0.254955	--undefined--
0.264955	--undefined--
0.274955	--undefined--
0.284955	--undefined--
0.294955	--undefined--
0.304955	--undefined--
0.314955	--undefined--
0.324955	--undefined--
0.334955	--undefined--
0.344955	--undefined--
0.354955	--undefined--
0.364955	--undefined--
0.374955	--undefined--
0.384955	--undefined--
0.394955	--undefined--
0.404955	--undefined--
0.414955	--undefined--
0.424955	--undefined--
0.434955	--undefined--
0.444955	--undefined--
0.454955	--undefined--
0.464955	--undefined--
0.474955	--undefined--
0.484955	--undefined--
0.494955	--undefined--
0.504955	--undefined--
0.514955	--undefined--
0.524955	--undefined--
0.534955	--undefined--
0.544955	--undefined--
0.554955	--undefined--
0.564955	--undefined--
0.574955	--undefined--
0.584955	--undefined--
0.594955	--undefined--
0.604955	--undefined--
0.614955	--undefined--
0.624955	--undefined--
0.634955	--undefined--
0.644955	--undefined--
0.654955	--undefined--
0.664955	--undefined--
0.674955	--undefined--
0.684955	--undefined--
0.694955	--undefined--
0.704955	--undefined--
0.714955	--undefined--
0.724955	--undefined--
0.734955	--undefined--
0.744955	--undefined--
0.754955	--undefined--
0.764955	--undefined--
0.774955	--undefined--
0.784955	--undefined--
0.794955	--undefined--
0.804955	--undefined--
0.814955	--undefined--
0.824955	--undefined--
0.834955	--undefined--
0.844955	--undefined--
0.854955	--undefined--
0.864955	--undefined--
0.874955	--undefined--
0.884955	--undefined--
0.894955	--undefined--
0.904955	--undefined--
0.914955	--undefined--
0.924955	--undefined--
0.934955	--undefined--
0.944955	--undefined--
0.954955	--undefined--
0.964955	--undefined--
0.974955	--undefined--
0.984955	--undefined--
0.994955	--undefined--
1.004955	106.619263
1.014955	105.281048
1.024955	105.458740
1.034955	105.678969
1.044955	106.306857
1.054955	106.332390
1.064955	107.120460
1.074955	107.664244
1.084955	108.765229
1.094955	110.492342
1.104955	112.680381
1.114955	113.597067
1.124955	112.551652
1.134955	110.518092
1.144955	109.166588
1.154955	107.854875
1.164955	107.252432
1.174955	109.411227
1.184955	116.616051
1.194955	121.816211
1.204955	124.766412
1.214955	125.774447
1.224955	124.572929
1.234955	123.054311
1.244955	121.740703
1.254955	121.423031
1.264955	120.247660
1.274955	118.333492
1.284955	119.729398
1.294955	120.096991
1.304955	118.739660
1.314955	118.757028
1.324955	120.519724
1.334955	118.049273
1.344955	116.467076
1.354955	116.189691
1.364955	115.616706
1.374955	114.734045
1.384955	114.756823
1.394955	114.074381
1.404955	113.370014
1.414955	111.658985
1.424955	109.882146
1.434955	107.950905
1.444955	111.032579
1.454955	113.405367
1.464955	113.297891
1.474955	112.401037
1.484955	110.711777
1.494955	109.564157
1.504955	108.703651
1.514955	107.902160
1.524955	106.723346
1.534955	107.921310
1.544955	110.072520
1.554955	110.966684
1.564955	110.388571
1.574955	110.532332
1.584955	107.773104
1.594955	104.694854
1.604955	103.301509
1.614955	101.586524
1.624955	99.076782
1.634955	95.778327
1.644955	--undefined--
1.654955	--undefined--
1.664955	214.018009
1.674955	209.157487
1.684955	--undefined--
1.694955	--undefined--
1.704955	--undefined--
1.714955	102.669120
1.724955	105.365316
1.734955	104.833310
1.744955	--undefined--
1.754955	--undefined--
1.764955	--undefined--
1.774955	--undefined--
1.784955	--undefined--
1.794955	--undefined--
1.804955	--undefined--
1.814955	101.887481
1.824955	99.497385
1.834955	98.814087
1.844955	98.368974
1.854955	--undefined--
1.864955	--undefined--
1.874955	--undefined--
1.884955	--undefined--
1.894955	--undefined--
1.904955	--undefined--
1.914955	--undefined--
1.924955	--undefined--
1.934955	104.731568
1.944955	98.025951
1.954955	94.241197
1.964955	91.901413
1.974955	91.945291
1.984955	92.035366
1.994955	91.315428
2.004955	90.088133
2.014955	92.858606
2.024955	94.428108
2.034955	94.368244
2.044955	95.480405
2.054955	95.934304
2.064955	96.851893
2.074955	100.109632
2.084955	105.894135
2.094955	111.697924
2.104955	117.642329
2.114955	122.941679
2.124955	130.378378
2.134955	136.511644
2.144955	138.389150
2.154955	142.267570
2.164955	144.170661
2.174955	145.506196
2.184955	147.953197
2.194955	149.848527
2.204955	151.084213
2.214955	151.841481
2.224955	151.396980
2.234955	152.050122
2.244955	152.797137
2.254955	153.930441
2.264955	157.942872
2.274955	158.720793
2.284955	153.956013
2.294955	154.373453
2.304955	155.059149
2.314955	153.851941
2.324955	150.562682
2.334955	150.007298
2.344955	150.410864
2.354955	151.896167
2.364955	154.574638
2.374955	--undefined--
2.384955	--undefined--
2.394955	--undefined--
2.404955	--undefined--
2.414955	--undefined--
2.424955	159.461259
2.434955	--undefined--
2.444955	--undefined--
2.454955	--undefined--
2.464955	--undefined--
2.474955	--undefined--
2.484955	--undefined--
2.494955	--undefined--
2.504955	--undefined--
2.514955	--undefined--
2.524955	--undefined--
2.534955	--undefined--
2.544955	--undefined--
2.554955	--undefined--
2.564955	--undefined--
2.574955	--undefined--
2.584955	--undefined--
2.594955	--undefined--
2.604955	--undefined--
2.614955	--undefined--
2.624955	--undefined--
2.634955	--undefined--
2.644955	--undefined--
2.654955	--undefined--
2.664955	--undefined--
2.674955	--undefined--
2.684955	--undefined--
2.694955	--undefined--
2.704955	--undefined--
2.714955	--undefined--
2.724955	--undefined--
2.734955	--undefined--
2.744955	--undefined--
2.754955	--undefined--
2.764955	--undefined--
2.774955	125.119990
2.784955	110.832035
2.794955	103.663435
2.804955	99.523758
2.814955	96.951078
2.824955	103.992994
2.834955	90.998469
2.844955	90.086114
2.854955	90.528776
2.864955	91.014618
2.874955	90.843703
2.884955	90.654221
2.894955	89.886155
2.904955	90.759010
2.914955	88.628971
2.924955	86.686115
2.934955	--undefined--
2.944955	--undefined--
2.954955	--undefined--
2.964955	--undefined--
2.974955	93.898399
2.984955	91.187812
2.994955	91.964596
3.004955	92.423742
3.014955	92.894325
3.024955	93.874722
3.034955	95.066544
3.044955	96.212099
3.054955	96.764210
3.064955	97.437443
3.074955	101.389923
3.084955	106.210433
3.094955	110.798926
3.104955	114.154829
3.114955	116.866967
3.124955	118.135857
3.134955	120.004563
3.144955	119.974397
3.154955	119.012167
3.164955	118.769445
3.174955	118.184168
3.184955	116.458105
3.194955	114.184122
3.204955	--undefined--
3.214955	--undefined--
3.224955	117.037730
3.234955	107.654850
3.244955	102.987437
3.254955	93.221624
3.264955	92.280093
3.274955	87.169439
3.284955	88.075277
3.294955	86.595869
3.304955	86.433221
3.314955	87.833839
3.324955	85.917628
3.334955	82.125678
3.344955	85.098409
3.354955	88.576434
3.364955	88.729665
3.374955	86.962304
3.384955	87.333163
3.394955	--undefined--
3.404955	--undefined--
3.414955	--undefined--
3.424955	--undefined--
3.434955	100.644369
3.444955	82.827448
3.454955	88.127100
3.464955	90.408565
3.474955	89.728078
3.484955	86.778503
3.494955	84.243256
3.504955	--undefined--
3.514955	--undefined--
3.524955	105.920813
3.534955	87.179751
3.544955	89.627144
3.554955	90.073840
3.564955	88.767893
3.574955	87.383652
3.584955	86.651735
3.594955	--undefined--
3.604955	--undefined--
3.614955	87.844059
3.624955	88.528634
3.634955	88.169376
3.644955	88.432368
3.654955	88.839402
3.664955	87.416824
3.674955	87.010734
3.684955	--undefined--
3.694955	--undefined--
3.704955	--undefined--
3.714955	--undefined--
3.724955	--undefined--
3.734955	--undefined--
3.744955	--undefined--
3.754955	--undefined--
3.764955	--undefined--
3.774955	--undefined--
3.784955	--undefined--
3.794955	--undefined--
3.804955	--undefined--
3.814955	--undefined--
3.824955	--undefined--
3.834955	--undefined--
3.844955	--undefined--
3.854955	--undefined--
3.864955	--undefined--
3.874955	--undefined--
3.884955	--undefined--
3.894955	--undefined--
3.904955	--undefined--
3.914955	--undefined--
3.924955	--undefined--
3.934955	--undefined--
3.944955	--undefined--
3.954955	--undefined--
3.964955	--undefined--
3.974955	--undefined--
3.984955	--undefined--
3.994955	--undefined--
4.004955	--undefined--
4.014955	--undefined--
4.024955	--undefined--
4.034955	--undefined--
4.044955	--undefined--
4.054955	--undefined--
4.064955	--undefined--
4.074955	--undefined--
4.084955	--undefined--
4.094955	--undefined--
4.104955	--undefined--
4.114955	--undefined--
4.124955	--undefined--
4.134955	--undefined--
4.144955	--undefined--
4.154955	--undefined--
4.164955	--undefined--
4.174955	--undefined--
4.184955	--undefined--
4.194955	--undefined--
4.204955	--undefined--
4.214955	--undefined--
4.224955	--undefined--
4.234955	--undefined--
4.244955	--undefined--
