Time_s	F1_Hz	F2_Hz	F3_Hz	F4_Hz
0.584228	1119.852500	1752.960864	3631.311679	3932.977673
0.590478	1283.660628	1847.802004	3709.660017	4211.220043
0.596728	1234.724219	1946.912705	3804.570538	--undefined--
0.602978	487.071354	1241.750926	2043.664197	3571.377938
0.609228	276.534525	1309.102942	2158.767143	3483.868021
0.615478	1258.521716	1962.459639	3386.030141	5167.477306
0.621728	1210.961035	1628.057174	3086.628380	4485.778673
0.627978	1232.282258	1978.749672	3303.935818	4106.849835
0.634228	1268.348048	2039.857934	3278.407705	4030.736617
0.640478	1272.827104	2147.655766	3802.623786	--undefined--
0.646728	444.559322	1445.540744	2334.809087	3882.809882
0.652978	572.409797	1506.989045	2274.089920	3831.227111
0.659228	633.757268	1503.909736	3100.428105	3667.401131
0.665478	596.341331	1529.096116	2853.717161	3884.788457
0.671728	457.257343	1479.719885	2319.335734	3595.630783
0.677978	362.005281	1487.456288	2069.548218	3695.352724
0.684228	580.653256	1457.601556	2356.940733	3736.012774
0.690478	720.148176	1367.641409	3142.792783	3900.435360
0.696728	765.516104	1225.050931	3081.415842	3895.479897
0.702978	676.926753	1309.685816	3053.222778	3997.712134
0.709228	614.465176	1505.808180	3049.932518	4068.523538
0.715478	893.568876	1475.776237	3116.464343	4235.251527
0.721728	795.464825	1395.184065	3129.907255	4245.224169
0.727978	517.148231	1252.125539	3110.578787	4109.520573
0.734228	426.443714	1152.536916	2922.409718	4273.386410
0.740478	441.981265	1085.560652	2668.482061	4548.470155
0.746728	442.852537	1037.370151	2815.670509	4509.356012
0.752978	442.293655	942.864755	2831.296895	4357.557866
0.759228	450.739797	931.799202	2575.713740	4058.858469
0.765478	468.250980	949.105351	2621.511168	4062.694941
0.771728	517.488959	1042.545958	2740.245225	4053.591731
0.777978	559.840670	1107.102970	2759.789113	4046.940701
0.784228	583.823673	969.341776	2558.336877	4056.399546
0.790478	550.377943	842.527112	2455.190464	4122.182599
0.796728	544.496244	910.238883	2442.293880	4271.652344
0.802978	533.248719	928.537189	2401.555456	4189.021257
0.809228	402.202241	791.832407	2247.026458	4187.144906
0.815478	369.185115	814.995370	2232.734610	4295.414819
0.821728	398.776800	874.070386	2210.939114	4134.333920
0.827978	383.760342	1021.428397	2283.143007	4140.756523
0.834228	333.148995	991.942771	2221.133320	4097.531723
0.840478	319.509582	995.793079	2211.106818	4086.137252
0.846728	311.775700	1078.108739	2264.351736	4031.449872
0.852978	314.252067	1099.145936	2220.388660	3828.736949
0.859228	363.082892	1185.691319	2156.374632	3975.661231
0.865478	403.419477	1453.572609	2372.718198	4126.440147
0.871728	436.520224	1489.657859	3178.608401	4104.475318
0.877978	480.254544	1506.868754	2831.393617	4169.384261
0.884228	565.361439	1563.847447	2755.045735	4136.322608
0.890478	544.194740	1510.949402	2601.898494	4091.487468
0.896728	508.426522	1159.829355	2340.902339	4094.666860
0.902978	524.261891	1340.596127	2300.827224	4119.566327
0.909228	541.683629	1461.523483	2219.183612	4133.868157
0.915478	553.510846	1498.376194	2749.650817	4239.802054
0.921728	552.230674	1508.379841	2639.817709	4308.570315
0.927978	557.780231	1476.780112	1832.339057	4145.728376
0.934228	557.001625	1423.201592	2104.217707	4315.323025
0.940478	523.943123	1339.935669	2004.937426	4308.300555
0.946728	517.558221	1383.765908	1956.934573	4246.256781
0.952978	531.036272	1380.783506	2298.567969	4253.410810
0.959228	537.488615	1318.095941	2824.330085	4303.425687
0.965478	477.530970	1204.079255	2080.777714	4221.843788
0.971728	416.161049	1087.935622	2172.718181	4140.517851
0.977978	310.627370	1080.850601	2179.507806	4162.889499
0.984228	288.279048	1062.523458	2083.108299	4089.391016
0.990478	288.539452	1036.020012	2038.300695	4049.743009
0.996728	312.140902	1015.270877	2110.994615	4032.954510
1.002978	318.470989	1020.954728	2161.219384	4089.243791
1.009228	322.040042	1041.485368	2113.924395	4088.226923
1.015478	316.540006	1055.494740	2119.716370	4100.411018
1.021728	370.964219	1089.280146	2344.463845	4049.491534
1.027978	459.366706	1121.662755	2488.995981	4117.316958
1.034228	480.305848	1159.856973	2373.908508	4181.431352
1.040478	483.526017	1185.100031	2363.668152	4209.866055
1.046728	490.023694	1204.397857	2444.445969	4262.192395
1.052978	493.843856	1234.298215	2482.934647	4238.321559
1.059228	489.934116	1266.696591	2552.987508	4272.154474
1.065478	496.106404	1298.261093	2572.533324	4419.651539
1.071728	481.084547	1316.250290	2463.007569	4265.461364
1.077978	470.843159	1329.373757	2389.753895	4209.122336
1.084228	460.076884	1343.896770	2414.269207	4209.465788
1.090478	442.417977	1337.468825	2413.182547	4347.739685
1.096728	446.368018	1352.886373	2490.381936	4303.314548
1.102978	438.795103	1378.083390	2433.231934	4194.032397
1.109228	422.796069	1387.887360	2273.348838	4113.944748
1.115478	422.768029	1374.326300	2290.152368	4126.318580
1.121728	430.830888	1342.048085	2270.354336	4142.317911
1.127978	420.562577	1239.997153	2193.979378	4103.558860
1.134228	403.081391	1306.568218	2187.079050	4088.669794
1.140478	398.585755	1270.693601	2183.195350	3898.094574
1.146728	374.531504	1169.323946	2182.204980	3995.831439
1.152978	363.484857	1120.092119	2179.412127	3993.013689
1.159228	364.076258	1194.494241	2180.736897	4096.259341
1.165478	347.967209	1272.147672	2341.375207	4073.626435
1.171728	334.318563	1329.410024	2214.648732	3715.550692
1.177978	348.767008	1343.142386	2273.631707	3810.907387
1.184228	412.693470	1294.238260	2055.372480	3680.968175
1.190478	431.785661	1187.386860	2439.846850	3447.519701
1.196728	400.107194	1139.890257	2898.630399	3437.490989
1.202978	425.860783	1132.273371	2933.359292	3483.380833
1.209228	479.846667	1261.058789	3370.543336	4325.063122
1.215478	815.460243	1262.197544	3342.685275	4271.349971
1.221728	531.050607	1273.492889	3313.325277	4142.518253
1.227978	513.311616	1272.207683	2364.258030	4069.492080
1.234228	504.438375	1260.346528	2340.962738	4062.001846
1.240478	523.710744	1270.968945	2306.409387	3674.300235
1.246728	539.095329	1262.925732	2258.804170	3600.103290
1.252978	549.151704	1251.683679	2442.474068	3671.248827
1.259228	556.934118	1279.137118	2624.629955	3732.790242
1.265478	568.370338	1312.892732	3418.348943	4379.155346
1.271728	567.785817	1314.221829	3464.512493	4532.993889
1.277978	559.398083	1295.913980	3435.064785	4316.330591
1.284228	563.855532	1271.242132	3420.022321	4241.718969
1.290478	563.243006	1254.243151	3523.967989	4195.661657
1.296728	531.561085	1195.544576	2436.656898	3718.878705
1.302978	516.160024	1143.485173	2384.732104	3702.825285
1.309228	477.434221	1192.966237	3036.131046	3166.604066
1.315478	418.422519	1184.879786	2129.484923	3433.169678
1.321728	392.909135	1119.593188	2157.080673	3664.006496
1.327978	405.776883	1117.375781	2058.393112	3550.940480
1.334228	450.140584	1067.866551	2212.632569	3793.604651
1.340478	527.988260	973.359509	2167.055160	3794.524761
1.346728	526.210949	1014.303758	2001.792154	3622.370379
1.352978	542.590736	1034.910243	2136.627970	3571.574867
1.359228	573.946966	1606.035077	3503.182189	5014.595467
1.365478	546.715243	1808.937819	3507.609854	5379.506898
1.371728	538.607863	1663.105532	3525.734975	3857.107390
1.377978	531.262073	1148.229276	2160.468621	3413.854564
1.384228	522.160216	1568.911658	3256.520851	4405.994605
1.390478	462.924615	519.899861	1969.579802	3548.146959
1.396728	534.990587	1596.010170	3312.471881	5003.296577
1.402978	469.078234	1525.829823	3336.890200	4602.632560
1.409228	421.441111	1461.429859	2980.110188	4447.881931
1.415478	413.040973	1427.902757	2981.726375	3677.416816
1.421728	1453.270636	2917.774058	3502.589853	4822.689339
1.427978	452.846236	1595.673386	2573.192155	3569.310645
1.434228	442.392941	1553.863533	2183.763032	4140.194691
1.440478	431.035309	1585.495200	2178.808596	4092.864088
1.446728	410.322143	1603.181253	2295.312803	4250.230564
1.452978	385.073096	1875.963166	2609.056235	3984.514238
1.459228	368.720320	1765.932128	3494.307271	4050.194635
1.465478	325.374753	1749.207665	3556.848848	4041.708337
1.471728	356.139120	1784.046613	3607.292915	4259.603325
1.477978	390.793610	1703.229533	2899.301306	3693.686364
1.484228	358.022244	1650.518985	2654.713380	3636.477306
1.490478	343.002719	1637.648604	2851.897474	3625.444062
1.496728	320.192725	1746.172213	2504.756760	3595.388398
1.502978	332.604986	1631.664618	2439.505617	3921.289143
1.509228	389.770973	2246.186417	2435.398602	3876.953651
1.515478	428.626351	2237.367310	2524.641542	3669.264390
1.521728	387.671001	1845.841817	2170.359913	3863.426276
1.527978	416.399532	1604.959113	2134.906885	3804.888589
1.534228	401.949198	1587.855461	2212.070081	3720.815657
1.540478	368.709369	1545.797838	2214.044998	3622.285057
1.546728	368.543811	1557.570652	2233.088630	3660.084834
1.552978	378.555038	1584.397767	2139.756992	3473.127918
1.559228	351.999425	1436.347965	2186.914279	3425.463620
1.565478	368.228510	1497.344850	2092.926054	3263.222826
1.571728	381.740338	1485.335035	2439.586062	3583.320478
1.577978	352.203381	1426.504991	2913.565747	3737.563857
1.584228	360.238720	1442.162039	2737.162232	3582.189216
1.590478	387.526946	1509.873429	2896.946571	3935.686675
1.596728	406.468160	1530.601514	3211.080498	4058.630128
1.602978	367.485026	1458.208247	2887.609191	4014.563537
1.609228	1261.569177	2452.813293	3801.355670	4062.121277
1.615478	1251.153682	2397.637464	4071.233151	4370.376981
1.621728	1328.176426	1800.621497	2786.082459	4101.335687
1.627978	1673.126387	3354.137606	4183.498218	--undefined--
1.634228	372.317087	1526.749617	2794.176711	4114.478911
1.640478	375.329347	1475.001237	2563.744991	4117.369946
1.646728	385.266480	1460.790527	2398.139456	4108.218221
1.652978	391.654273	1464.773674	2477.513445	4101.238576
1.659228	393.843108	1466.606459	2628.317377	4059.974801
1.665478	386.498026	1466.900335	2708.379460	4074.126325
1.671728	382.245462	1484.150036	2769.507531	3881.145458
1.677978	373.327731	1499.210178	3204.063211	4057.364272
1.684228	349.153335	1492.782209	3075.110288	4083.902621
1.690478	343.669939	1570.700984	3020.471561	4016.810182
1.696728	1459.227095	2802.167838	4122.713579	4995.118711
1.702978	419.489515	2576.847975	4083.519456	4670.490717
1.709228	1662.215925	3644.850873	4537.755896	4870.544264
1.715478	241.551252	1781.310445	3445.544886	4394.843253
1.721728	1504.438691	2619.866365	3531.580879	4628.728303
1.727978	1240.575092	2301.809553	3877.258686	4616.496851
1.734228	1325.207355	2163.112937	3568.332124	4460.161227
1.740478	509.606034	1638.130965	3048.135618	4151.858544
1.746728	516.153690	1502.523849	2994.432873	3731.791122
1.752978	519.245172	1431.844484	2582.664499	4401.569401
1.759228	546.400474	1407.828742	2371.073075	4396.998061
1.765478	554.818972	1434.499728	2417.232378	4192.667649
1.771728	567.634785	1435.395772	2129.329551	4055.939501
1.777978	571.484768	812.007103	1430.700511	3913.602125
1.784228	561.833388	1449.988893	2447.493450	4035.624639
1.790478	569.590277	1446.776478	1862.640993	4152.006989
1.796728	539.086185	1398.883267	2086.716798	4253.728774
1.802978	545.830761	1471.607542	1985.265782	4152.283405
1.809228	556.182151	1544.626556	1673.212781	4074.460129
1.815478	540.589540	1409.766711	1914.679332	4072.381460
1.821728	518.808444	1207.600226	2094.067059	4117.237258
1.827978	522.674728	1143.816851	2272.925710	4119.467707
1.834228	490.377829	1302.479812	2422.502831	4390.855447
1.840478	463.787607	1264.194815	2519.960487	4510.661093
1.846728	379.364028	1236.639619	2502.163434	4631.796231
1.852978	321.256219	1357.116574	2364.973663	4538.330057
1.859228	299.910456	1084.237241	2169.054635	4015.755450
1.865478	288.738349	1111.408185	2225.604230	4136.659496
1.871728	253.725657	1129.994610	2281.850149	4222.005716
1.877978	242.175315	1130.883033	2363.579517	4076.545198
1.884228	264.014949	1027.235069	2261.631246	4040.192789
1.890478	335.071891	1916.615481	3815.044176	4352.122122
1.896728	348.526140	2015.121666	3136.452296	3892.456960
1.902978	336.652439	2119.256963	3834.703149	4630.911021
1.909228	312.319931	2314.079224	3949.553071	4955.900216
1.915478	320.371697	1238.182767	2747.281129	4278.969538
1.921728	321.141490	1506.967277	2772.297832	4655.993046
1.927978	314.761914	2498.231396	2697.892766	4564.668177
1.934228	357.749395	2434.307900	3096.372026	4588.206907
1.940478	353.555110	2473.887525	3040.486034	4658.271774
1.946728	336.190920	2573.632050	3144.229647	4713.976292
1.952978	333.920976	2476.418880	3449.400889	4731.488073
1.959228	330.675312	2660.688865	3899.352524	4743.798843
1.965478	333.703363	2714.355545	3349.476699	4636.337845
1.971728	340.460361	2388.558421	3047.647270	4625.212736
1.977978	338.624758	2555.976601	3003.661366	4616.774176
1.984228	348.203998	2607.969133	3013.351035	4778.920359
1.990478	367.817781	2519.240134	2881.212382	4711.998014
1.996728	365.610566	2392.731373	2932.994387	4628.667814
2.002978	353.794302	2433.832980	2994.288980	4507.334631
2.009228	357.813243	2483.628465	2921.499815	4535.887467
2.015478	375.184208	2384.224645	2922.452361	4567.605044
2.021728	355.612444	2352.067706	2920.906556	4563.648245
2.027978	367.791940	2245.845037	3236.585073	4605.351764
2.034228	309.038002	2248.507858	3266.807599	4637.674161
2.040478	265.619556	2350.999408	3132.510691	4637.788502
2.046728	230.474699	1484.961582	2719.372866	4226.526320
2.052978	220.361031	1524.732922	2718.008575	4374.779787
2.059228	254.015990	1363.290429	2616.258627	3663.901196
2.065478	280.169015	2301.843869	3238.050122	4517.144540
2.071728	297.624849	2189.869927	2642.136649	4511.514310
2.077978	301.127686	1735.278096	2649.552364	4588.761358
2.084228	295.975670	2380.652193	2389.129180	4843.832451
2.090478	320.651286	2187.908073	2783.218695	4741.847628
2.096728	375.794579	2149.507989	2843.840592	4646.534153
2.102978	390.283394	2176.825447	2808.568754	4637.971633
2.109228	344.049771	2133.215472	2962.329545	4659.260684
2.115478	336.108001	2151.934763	2924.662774	4572.724120
2.121728	347.295256	1937.722205	2717.754522	4363.051937
2.127978	298.262449	1754.196420	2978.954582	4430.867918
2.134228	267.672748	1644.853433	2914.857862	4249.343197
2.140478	239.066556	1515.640859	2918.697359	4200.348597
2.146728	230.331929	1427.250573	2619.526182	3947.789091
2.152978	223.776203	1422.478123	2553.907710	3884.916356
2.159228	224.303789	1572.747207	2527.067481	4156.570211
2.165478	246.757698	1502.514338	2697.811383	4021.627378
2.171728	253.808461	1451.649453	2438.659091	3852.511782
2.177978	273.431105	1462.016125	2529.529996	3829.505054
2.184228	247.654755	1403.329665	2509.737401	3875.338079
2.190478	251.312540	1321.557479	2481.885888	3780.120386
2.196728	242.707487	1419.062778	2554.542852	4149.226729
2.202978	226.481556	1420.198651	2710.879095	4275.508752
2.209228	224.343834	1461.938699	2659.892952	4242.341541
2.215478	218.282814	1416.040095	2557.042038	3836.313305
2.221728	196.840628	1374.333497	2524.409909	3817.233792
2.227978	1381.953981	2502.401306	3552.053383	5118.790799
2.234228	1405.689966	2538.820508	3517.840773	--undefined--
2.240478	199.186286	1418.470011	2495.773301	3613.340888
2.246728	514.346215	1463.727232	2715.312701	4168.345496
2.252978	1217.942149	1566.746958	3116.415004	4090.574920
2.259228	661.120609	1244.713711	2956.942251	4074.196057
2.265478	562.749430	1135.256177	2491.277206	3990.130067
2.271728	566.199587	1130.205594	2148.775562	4066.696659
2.277978	607.900208	1159.127939	2120.091294	4024.724809
2.284228	641.951497	1211.413039	2352.274502	3880.885463
2.290478	649.212849	1200.052519	1996.045545	3827.654988
2.296728	667.033253	1203.532853	2017.935248	4014.281790
2.302978	674.586556	1235.194249	2038.493162	4015.283253
2.309228	699.364050	1280.078264	3433.006644	3989.444403
2.315478	713.739530	1296.207358	3506.463123	4063.779983
2.321728	715.604692	1310.777410	3589.035152	4119.771477
2.327978	708.072829	781.220486	1329.737034	3767.879970
2.334228	693.163187	1322.706617	1760.841519	3683.480504
2.340478	667.044340	1326.100805	2769.189980	3798.733090
2.346728	650.675902	1314.528358	2341.287236	3687.957800
2.352978	629.270616	1343.103751	2231.236711	3624.680236
2.359228	609.980972	1348.026495	2505.365510	3889.586028
2.365478	587.999590	1363.637279	2537.511861	3951.088035
2.371728	535.669226	1353.754491	2824.314156	4057.820090
2.377978	503.879035	1333.598999	2827.218933	3881.169078
2.384228	534.185126	1385.522022	2802.140940	3663.835544
2.390478	513.145084	1397.314352	2775.699658	3705.898755
2.396728	466.477298	1446.982537	2722.804383	3829.588592
2.402978	482.641981	1513.797303	2647.245797	3997.350231
2.409228	481.104272	1498.979132	2698.036688	2716.315879
2.415478	493.992075	1480.922334	2615.020305	3412.487328
2.421728	493.988126	1483.763523	2553.850794	4455.240406
2.427978	493.921813	1453.809700	2625.532613	4422.189366
2.434228	487.891228	1374.611220	2596.160876	4002.641488
2.440478	486.482668	1341.582605	2731.971135	3689.625674
2.446728	481.044609	1310.157625	2818.644768	4375.179777
2.452978	479.471556	1238.990732	2683.412046	4435.234911
2.459228	470.533082	1189.379367	2689.868151	4330.262241
2.465478	463.466631	1123.992581	2743.207926	4319.561392
2.471728	448.560774	1068.265448	2732.639113	4431.707642
2.477978	434.669396	1005.405710	2806.726521	4533.366893
2.484228	420.098219	965.146944	2827.083639	4430.019308
2.490478	403.881602	935.559755	2800.974566	4276.058161
2.496728	394.810207	915.556816	2918.751015	3822.065777
2.502978	387.573984	909.154338	2984.404641	3453.257913
2.509228	377.921941	886.210671	3128.526596	3209.965620
2.515478	454.131126	889.280991	3306.638632	3328.918987
2.521728	443.653425	906.009239	3313.234236	3399.324466
2.527978	451.359187	1278.088360	3272.760697	4468.411086
2.534228	449.663426	1169.366274	3309.367345	4601.754681
2.540478	433.468953	1071.138562	3288.253203	4544.896082
2.546728	436.480786	913.558971	3043.933588	3269.383597
2.552978	420.456842	887.262503	2891.963701	3381.042464
2.559228	433.467909	907.805771	2883.430759	3661.180107
2.565478	441.715338	932.855467	2840.450603	3961.285104
2.571728	441.543771	1000.515550	2852.837993	4549.613453
2.577978	446.985980	1052.214478	2797.593120	4608.813400
2.584228	441.744658	1083.762328	2668.484380	4201.675545
2.590478	447.399355	1129.228867	2536.524882	4097.560538
2.596728	439.487018	1175.605647	2598.342534	4086.714500
2.602978	430.409090	1221.513313	2730.405900	4108.323342
2.609228	418.263828	1228.249272	2839.949816	4128.059218
2.615478	420.942047	1189.242010	3958.882150	4300.462529
2.621728	430.902261	1161.503151	2910.113557	4455.354609
2.627978	417.435958	1121.878737	2504.198877	4445.214694
2.634228	439.191144	1269.367617	2796.296540	4335.143302
2.640478	518.389359	1556.939042	2803.888053	4087.175856
2.646728	530.675621	1565.838790	2767.833089	4137.623829
2.652978	566.094391	1563.964333	2618.027761	4093.432308
2.659228	539.526330	1413.431117	2740.191926	4122.902250
2.665478	593.148295	1413.296532	2860.892782	4295.672154
2.671728	582.220512	1388.256843	2784.298771	4325.316559
2.677978	518.000365	1379.509960	3010.781952	4250.608095
2.684228	511.912989	1421.023808	3083.481845	4109.552908
2.690478	521.322606	1432.955204	2581.699377	4600.481519
2.696728	591.955641	1388.138299	2467.223901	4324.466353
2.702978	589.574562	1384.786496	2540.174440	4312.285206
2.709228	605.122905	1321.051261	2645.186462	4348.081928
2.715478	617.772856	1411.843414	2624.984021	4430.355973
2.721728	646.944205	1408.853232	2493.528979	4353.188849
2.727978	619.252266	1491.729111	2515.585005	4165.495111
2.734228	601.588859	1525.432077	2385.263154	4293.832995
2.740478	576.914312	1440.824285	2465.972857	4356.580100
2.746728	550.750379	1533.284505	2549.819489	4573.314583
2.752978	506.879367	1513.842848	2621.406076	4541.914744
2.759228	498.680564	1601.699414	2613.621438	4379.271970
2.765478	474.170260	1857.137685	2567.387087	4416.335074
2.771728	434.743301	1693.888245	2531.546062	4246.466586
2.777978	406.035656	1580.766682	2677.956679	4054.040855
2.784228	437.618148	1549.030041	2698.295728	4160.481728
2.790478	489.884414	1485.426074	2703.118091	4204.813435
2.796728	502.451598	1531.901297	2768.062531	4456.200919
2.802978	563.289370	2018.338967	2899.788953	4399.614937
2.809228	506.952284	2066.987967	2841.482692	4406.972846
2.815478	483.693561	2078.438843	2931.432094	4426.101334
2.821728	453.722521	1784.634021	2059.212089	4414.204017
2.827978	477.931383	1594.787817	2404.179821	4419.161600
2.834228	463.137609	1529.087885	2962.412697	4518.547746
2.840478	450.687462	1545.096187	3010.026944	4508.677642
2.846728	446.042058	1496.413900	2667.706584	4347.953199
2.852978	517.266647	1600.284263	3179.858852	4158.417236
2.859228	1070.456779	2166.840054	3304.968715	4325.189319
2.865478	1052.220107	2144.381937	3312.994604	4412.214907
2.871728	1023.506766	2018.374843	3356.079898	4200.795303
2.877978	1525.463175	2967.082689	3553.842776	4606.494847
2.884228	809.015213	1465.830075	3049.924575	3794.585010
2.890478	849.816685	1403.589635	2913.064689	3869.156766
2.896728	855.634067	1312.265849	2796.022451	3966.936685
2.902978	621.246043	1155.305055	2707.690071	4077.060366
2.909228	537.768333	1136.102165	2712.201972	4321.329189
2.915478	502.601359	1105.785156	2736.775094	4378.965385
2.921728	471.863243	1147.902832	2655.166647	4362.595855
2.927978	483.279911	1162.108236	2351.734285	4260.538460
2.934228	510.391852	1136.680288	2159.333568	4177.070243
2.940478	492.664353	1126.509320	2287.435185	4218.603492
2.946728	498.023049	1132.750382	2313.703327	4188.043208
2.952978	483.059610	1131.350504	2173.626518	4190.114386
2.959228	490.368866	1146.998650	1986.151170	4174.585886
2.965478	461.702874	1151.912557	1790.542281	4094.423035
2.971728	459.062305	1136.496892	1646.012653	4008.601635
2.977978	452.823102	1138.222688	1809.166813	3990.996497
2.984228	452.009291	1133.029038	1880.647303	4078.535061
2.990478	466.945013	1159.475710	2295.659882	4077.585687
2.996728	478.608210	1138.136869	2370.422165	3698.059495
3.002978	494.726489	1109.019807	2227.331363	3623.186798
3.009228	483.304958	1055.742094	2152.361478	3608.064429
3.015478	502.826311	1044.396915	2276.568442	3599.187649
3.021728	488.180339	1014.248314	2187.293259	3585.907287
3.027978	509.001403	984.174678	2173.888775	3776.318230
3.034228	499.798385	992.511132	2217.686730	3977.934052
3.040478	500.211888	1011.939862	2218.357669	3833.372210
3.046728	482.714371	993.630573	2225.269400	3588.207452
3.052978	482.999936	933.300125	2295.081582	3853.603314
3.059228	469.115959	939.632311	2249.280376	4070.974194
3.065478	470.514123	914.894791	2142.403329	4093.129331
3.071728	462.047881	897.522590	2286.394306	3867.660079
3.077978	463.804780	820.673967	2346.998950	3945.862555
3.084228	465.671568	827.450573	2374.670505	3907.124767
3.090478	506.432480	824.835157	2559.087894	3924.306483
3.096728	567.162244	665.568710	2669.384921	4013.967835
3.102978	609.624109	1863.123457	2880.475788	4104.281993
3.109228	532.628299	1408.522486	3045.558182	3950.862204
3.115478	517.456615	1380.819856	2968.667266	4824.102002
3.121728	614.115715	2205.145831	2999.182549	4356.608942
3.127978	545.661729	1665.411953	2684.231918	3994.210415
3.134228	691.145263	1524.480255	2719.280478	3819.443460
3.140478	782.351740	1547.864559	2711.831192	4108.276396
3.146728	671.393756	1327.268783	2653.922476	4196.370373
3.152978	459.774246	1499.916626	2603.043711	4012.496443
3.159228	446.923072	1343.087757	2498.704675	3775.193929
3.165478	451.537933	1301.319346	2524.743813	3827.276159
3.171728	461.043367	1277.513848	2474.984633	4054.474186
3.177978	458.963185	1294.603234	2366.508851	3848.285248
3.184228	468.015202	1423.647179	2150.825104	3620.422082
3.190478	446.398311	1393.539488	2371.821757	3918.286380
3.196728	469.053413	1334.536363	2295.856768	4245.756240
3.202978	445.385700	1496.182552	2472.727738	4365.773743
3.209228	412.077250	1495.766673	2496.884063	4292.130629
3.215478	405.196207	1401.660844	2317.766816	3885.707812
3.221728	469.713267	1522.784128	2290.555778	3608.012711
3.227978	462.812355	1560.800164	2523.178470	3971.568588
3.234228	459.202218	1539.354529	2609.291021	4101.043711
3.240478	441.768225	1514.289561	2547.766133	4155.540023
3.246728	434.919864	1489.006093	2426.571639	4044.394865
3.252978	479.063407	1448.770534	2522.702825	4223.812782
3.259228	527.232710	1489.297687	2615.750844	4245.164544
