Time_s	F1_Hz	F2_Hz	F3_Hz	F4_Hz
0.027098	1766.603535	2975.489907	5437.117703	--undefined--
0.033348	1779.076486	2992.671932	5437.126950	--undefined--
0.039598	1773.793440	2985.332871	5437.123829	--undefined--
0.045848	1768.936791	2978.596360	5437.119930	--undefined--
0.052098	1781.098596	2995.690176	5437.128261	--undefined--
0.058348	1768.832216	2978.535276	5437.120080	--undefined--
0.064598	1774.358652	2985.960308	5437.124188	--undefined--
0.070848	1778.994796	2992.619789	5437.127260	--undefined--
0.077098	1766.615297	2975.466246	5437.118030	--undefined--
0.083348	1779.153640	2992.678354	5437.127281	--undefined--
0.089598	1773.834915	2985.318630	5437.124135	--undefined--
0.095848	1769.031928	2978.616361	5437.120257	--undefined--
0.102098	1781.232447	2995.684929	5437.128569	--undefined--
0.108348	1768.785567	2978.476001	5437.120376	--undefined--
0.114598	1774.295067	2985.929706	5437.124505	--undefined--
0.120848	1779.066461	2992.652620	5437.127546	--undefined--
0.127098	1766.610702	2975.494888	5437.118321	--undefined--
0.133348	1779.064804	2992.687938	5437.127579	--undefined--
0.139598	1773.827185	2985.265523	5437.124409	--undefined--
0.145848	1769.054451	2978.606930	5437.120548	--undefined--
0.152098	1781.205706	2995.707340	5437.128850	--undefined--
0.158348	1768.913856	2978.479670	5437.120650	--undefined--
0.164598	1774.466225	2985.952413	5437.124798	--undefined--
0.170848	1778.910403	2992.569335	5437.127820	--undefined--
0.177098	1766.558094	2975.436284	5437.118601	--undefined--
0.183348	1779.130789	2992.668467	5437.127862	--undefined--
0.189598	1773.769021	2985.245228	5437.124677	--undefined--
0.195848	1769.010411	2978.606610	5437.120836	--undefined--
0.202098	1781.181777	2995.671691	5437.129129	--undefined--
0.208348	1768.828904	2978.476499	5437.120918	--undefined--
0.214598	1774.415463	2985.986733	5437.125086	--undefined--
0.220848	1779.043201	2992.603064	5437.128098	--undefined--
0.227098	1766.623892	2975.453705	5437.118890	--undefined--
0.233348	1779.112821	2992.660066	5437.128164	--undefined--
0.239598	1773.733265	2985.244165	5437.124968	--undefined--
0.245848	1768.996153	2978.619390	5437.121149	--undefined--
0.252098	1781.155985	2995.650828	5437.129445	--undefined--
0.258348	1768.829860	2978.462910	5437.121238	--undefined--
0.264598	1774.437287	2985.993944	5437.125431	--undefined--
0.270848	1778.996373	2992.588991	5437.128447	--undefined--
0.277098	1766.627190	2975.464249	5437.119262	--undefined--
0.283348	1779.168980	2992.689334	5437.128564	--undefined--
0.289598	1773.772890	2985.220359	5437.125389	--undefined--
0.295848	1769.022700	2978.611444	5437.121620	--undefined--
0.302098	1781.112666	2995.654460	5437.129958	--undefined--
0.308348	1768.826302	2978.467038	5437.121811	--undefined--
0.314598	1774.456592	2986.009118	5437.126091	--undefined--
0.320848	1778.966443	2992.576031	5437.129204	--undefined--
0.327098	1766.605933	2975.472847	5437.120166	--undefined--
0.333348	1779.159172	2992.725882	5437.129658	--undefined--
0.339598	1773.793030	2985.245840	5437.126740	--undefined--
0.345848	1168.799421	2180.389359	5437.139430	--undefined--
0.352098	1072.790430	2050.524166	2997.789552	5448.802893
0.358348	1152.065427	2277.842269	3471.539332	--undefined--
0.364598	1085.212962	2136.336755	3416.013633	5213.158461
0.370848	1027.584801	1980.332640	3138.902960	3879.713775
0.377098	1058.676395	1990.562889	3005.647098	3920.231978
0.383348	958.552729	1637.950525	2386.243265	4011.521427
0.389598	1185.121930	2172.376115	3096.844940	4346.510265
0.395848	1081.795560	2209.481016	3239.898499	4372.006884
0.402098	627.023699	1114.935441	2239.904498	3688.291199
0.408348	771.677543	1494.208393	2285.390658	3671.227105
0.414598	687.119998	1440.671426	2271.485388	3633.299398
0.420848	1202.183224	2196.523292	3585.570535	--undefined--
0.427098	1220.103143	2191.002014	3489.368419	--undefined--
0.433348	435.095287	1366.588018	2227.985748	3686.631390
0.439598	1231.889066	2171.619342	3568.175272	--undefined--
0.445848	1220.291091	2174.955779	3625.788024	--undefined--
0.452098	1069.236315	2150.540366	2924.209408	4161.272449
0.458348	1220.413902	2185.924122	2199.026169	3902.328463
0.464598	580.255558	1176.866970	2190.331121	3857.944331
0.470848	685.401931	1114.156742	2219.994651	3981.964579
0.477098	1255.913827	2240.676000	3805.716769	--undefined--
0.483348	616.589420	1358.209581	2141.092086	3740.251629
0.489598	653.222960	1419.239590	2260.093188	3702.438552
0.495848	784.894151	1394.693753	2315.945318	3583.734315
0.502098	850.060878	1432.207892	2349.031081	3660.387672
0.508348	839.467240	1302.034135	1879.879572	3527.031246
0.514598	761.393858	1175.484284	2202.627812	3635.947037
0.520848	1132.867983	2099.421456	3478.345603	--undefined--
0.527098	1161.238428	1982.885799	3286.077581	4199.951051
0.533348	633.917603	1350.579865	2272.273397	3799.541701
0.539598	718.035453	1347.090938	2208.352895	3660.864126
0.545848	1020.438128	2279.775006	3661.559538	--undefined--
0.552098	1098.217132	2158.646650	3645.877550	--undefined--
0.558348	424.136475	1167.058867	2179.874163	3682.594166
0.564598	1178.337837	2103.919482	3490.902842	3743.181083
0.570848	194.138650	1204.252504	2172.113484	3732.807072
0.577098	220.608040	1231.753073	2193.645016	3743.856004
0.583348	1200.963544	2166.086279	3808.710481	--undefined--
0.589598	1077.544278	1991.688322	2960.525951	4265.712902
0.595848	910.560064	1095.703226	2097.380172	3778.962432
0.602098	1159.385765	2093.982500	3240.395589	3952.141813
0.608348	1061.666790	1973.856652	3300.630490	4212.618178
0.614598	1168.250267	2036.830240	3696.077880	--undefined--
0.620848	355.527594	1233.727208	2164.852055	3838.296506
0.627098	306.209024	1462.923498	2164.315707	4026.291971
0.633348	565.169937	1524.316011	2434.285515	4065.948655
0.639598	1188.936546	2140.276389	3398.326798	--undefined--
0.645848	1166.706762	2072.749795	3513.664626	5173.106842
0.652098	984.139907	2038.073773	3507.539079	--undefined--
0.658348	1011.660072	1958.250841	3341.839141	5022.772063
0.664598	1073.327678	1926.369155	3360.143823	--undefined--
0.670848	1222.729926	2103.800203	3562.979517	5178.161085
0.677098	491.017262	1375.842784	2172.609594	3693.943293
0.683348	1105.196256	2044.069662	3186.515156	4012.580054
0.689598	1139.166099	2019.292967	3729.125187	3829.259339
0.695848	1131.465448	2020.610871	3630.901150	4294.627661
0.702098	1160.155018	2045.757385	3687.775287	4030.455686
0.708348	1079.610187	2068.302574	3665.159674	4014.041156
0.714598	1112.077206	2124.615188	3719.392482	4612.833849
0.720848	1080.155128	2115.249724	3689.165088	4764.618313
0.727098	1090.729896	2116.923729	3603.212075	--undefined--
0.733348	79.377066	1127.283947	2152.949703	3566.083032
0.739598	410.300152	1106.924812	2047.515853	3646.936890
0.745848	1280.466255	1970.980837	3590.484529	5004.297355
0.752098	1399.253794	1932.201630	3612.658783	4958.613621
0.758348	1171.089813	1888.986532	3886.238591	4518.891482
0.764598	1065.433246	1852.901967	3740.193063	4204.465773
0.770848	1140.273119	1953.609474	3687.484517	4201.400288
0.777098	1442.480232	2108.685232	2327.761102	4171.029353
0.783348	1299.151750	2006.466380	3350.568288	4105.816863
0.789598	1162.889962	2029.506624	3329.942013	4006.197104
0.795848	1068.168014	2043.124549	3733.300368	3813.380964
0.802098	1405.233404	1701.409369	2968.598447	3822.033354
0.808348	1100.088715	1705.531567	2846.729887	3757.628207
0.814598	1000.785464	1681.403468	2805.512939	3756.432674
0.820848	585.071384	1517.674731	2661.048145	3758.944612
0.827098	709.035976	1449.074259	2852.486499	4080.429260
0.833348	833.250988	1521.299094	2709.096532	4229.744585
0.839598	492.633024	1096.702983	2291.803282	3961.505813
0.845848	442.797830	1067.791358	2183.720247	3535.020883
0.852098	427.773894	1008.508692	2162.226992	3612.778134
0.858348	404.845465	913.969498	2137.043181	3662.787351
0.864598	417.499539	912.808485	2110.122809	3731.618494
0.870848	412.415644	875.196347	2135.136953	3710.912190
0.877098	398.973629	818.846196	2114.360307	3636.708136
0.883348	403.464291	742.030733	2106.472673	3764.345299
0.889598	404.102018	744.370992	2086.478490	3949.840081
0.895848	390.451065	756.772952	2156.435502	3874.497226
0.902098	356.023999	764.948182	2172.462371	3955.261194
0.908348	332.368408	784.420162	2150.322465	3937.386593
0.914598	313.848966	795.691577	2187.252413	3968.391809
0.920848	319.089467	803.493532	2181.772419	3954.111627
0.927098	319.040780	836.271564	2208.012708	3983.445033
0.933348	317.750372	877.215308	2144.149557	4044.538516
0.939598	304.742626	972.180986	2038.051436	3803.425422
0.945848	303.989507	967.356199	2105.476579	3788.528218
0.952098	317.209191	987.414800	2164.391878	3727.823002
0.958348	337.204871	997.557094	2161.914007	3584.278570
0.964598	342.221921	1006.781077	2147.782427	3520.333945
0.970848	354.763282	1024.092576	2128.007258	3541.197429
0.977098	378.236195	1152.659251	2090.875616	3556.247258
0.983348	388.766334	1405.919631	1906.014606	3871.753956
0.989598	412.771195	1455.874985	2002.081326	3799.244068
0.995848	433.764942	1385.931515	2049.994985	3846.178009
1.002098	513.965926	2013.826981	2502.183750	3972.808101
1.008348	658.463540	2003.451036	3054.143266	4116.590086
1.014598	682.684728	1999.883849	3193.497270	4217.023908
1.020848	612.649042	1949.558037	3249.068638	4256.170296
1.027098	565.113476	1576.653212	2053.954022	3820.011601
1.033348	538.964774	1543.536193	2017.207977	3887.977196
1.039598	557.134700	1711.154497	1830.147568	4048.744064
1.045848	580.650106	1674.879003	2249.903106	4118.831565
1.052098	560.755181	1601.329248	1923.423105	3896.338207
1.058348	617.679975	1566.721615	3077.871635	4285.445144
1.064598	581.704817	1500.680583	2316.127375	4289.144175
1.070848	526.288161	1355.290458	2124.893550	4291.388309
1.077098	497.984658	1252.136483	2070.292614	4251.620455
1.083348	464.315803	1094.793460	2091.377706	4107.260259
1.089598	412.650530	1050.177661	2121.315827	4157.258578
1.095848	369.642180	1048.465454	2050.816332	4193.762461
1.102098	323.811112	1094.461020	2074.355872	4237.303283
1.108348	301.208449	1059.499317	2143.541375	4200.981697
1.114598	299.862713	1013.891209	2151.545079	4367.732440
1.120848	366.323057	981.679180	2180.413555	4330.434187
1.127098	434.330152	982.808573	2196.224600	4120.911705
1.133348	441.930254	1024.233633	2190.281450	4113.384630
1.139598	435.038764	1035.604580	2174.973382	4221.978382
1.145848	430.527205	1053.238817	2176.624917	4419.768915
1.152098	427.901227	1072.603221	2185.472493	4366.451531
1.158348	416.299934	1082.521555	2185.366507	4372.266597
1.164598	423.491858	1109.714190	2182.762131	4379.303572
1.170848	430.112227	1128.526610	2117.097760	4404.679850
1.177098	440.668367	1116.686744	2110.844046	4297.438129
1.183348	455.981821	1124.333288	2118.667905	4280.173283
1.189598	466.673602	1134.840919	2162.164092	4368.361367
1.195848	459.811852	1165.199989	2121.113148	4301.271643
1.202098	438.972595	1154.344611	2105.364612	4311.661044
1.208348	436.502514	1151.894082	2170.535120	4162.677768
1.214598	445.845317	1106.978159	2174.657093	4078.982764
1.220848	444.186376	1026.684540	2160.660047	3905.619184
1.227098	434.319131	1000.104653	2153.485195	3716.370411
1.233348	407.447539	972.676367	2105.565431	3614.624835
1.239598	393.978306	1021.391107	2118.635858	3592.714143
1.245848	365.404463	1157.483947	2144.225995	3594.683378
1.252098	361.271247	1185.337567	2163.223922	3685.742694
1.258348	332.908199	1215.319737	2158.386160	3775.100893
1.264598	357.074604	1283.075776	2253.726418	3769.587488
1.270848	410.856792	1286.321561	2481.860936	4245.192058
1.277098	431.916381	1261.517568	2417.269084	3966.730504
1.283348	452.312456	1229.602373	2265.965963	4017.377664
1.289598	448.577178	1207.455429	2320.909084	4336.991675
1.295848	454.400743	1208.516132	2317.924461	3951.693542
1.302098	499.026857	1155.862021	2297.240992	3725.193023
1.308348	512.738582	1203.212471	2325.185622	3684.975732
1.314598	537.671949	1235.418168	2151.744271	3659.691450
1.320848	526.039996	1136.726323	2129.485294	3761.872843
1.327098	519.996989	1188.574485	2141.250350	3689.959942
1.333348	521.341201	1179.075850	2170.159622	3615.032898
1.339598	478.184956	1193.008691	2214.635577	3742.571057
1.345848	448.194607	1185.668163	2196.223604	4055.420337
1.352098	454.618303	1246.486576	2188.789791	3843.395657
1.358348	479.441372	1194.298840	2234.873171	3826.647521
1.364598	488.581082	1143.345687	2244.311059	3895.776532
1.370848	483.437919	964.946283	2121.400124	3851.266129
1.377098	479.371620	1118.971035	2215.282113	3680.019150
1.383348	448.033408	1480.718892	2294.476455	3754.846823
1.389598	443.952367	1557.591306	2180.051897	3640.401484
1.395848	436.642254	1567.669554	2200.191080	3773.552883
1.402098	444.064633	1474.543444	2201.109069	4194.688559
1.408348	467.823834	1445.367123	2131.715882	4041.398154
1.414598	464.536932	1500.469285	2140.431902	4127.348123
1.420848	437.945242	1575.762203	2066.117900	4156.044955
1.427098	424.770845	1718.013524	1928.116429	4053.331179
1.433348	394.654606	1476.038633	1960.043774	3922.731517
1.439598	378.942983	1794.467166	2015.380055	4065.815633
1.445848	363.825505	1947.971728	2011.905491	3947.409072
1.452098	401.458567	1940.903751	2010.207361	3747.732041
1.458348	440.637223	1822.367305	2012.835300	3640.930298
1.464598	437.789795	1989.188321	3458.389278	4572.193882
1.470848	341.785142	1905.695297	3479.918738	4392.967221
1.477098	318.429183	1889.727240	3360.899665	4455.420633
1.483348	390.060491	1751.433696	3080.220147	3709.684918
1.489598	391.357642	1810.260415	3024.148778	4075.763701
1.495848	382.969144	1790.678496	3066.681585	4368.750598
1.502098	454.451749	1803.802943	2798.495421	3843.836351
1.508348	413.180773	1691.695977	2592.254289	4041.694658
1.514598	500.026508	1694.933279	2934.335095	4208.176920
1.520848	488.587682	1663.463799	2245.914730	4024.493042
1.527098	414.348759	1578.665434	2219.839388	3781.915131
1.533348	415.797674	1593.809851	2742.149199	3887.102391
1.539598	409.444857	1391.450315	2565.364450	3845.928408
1.545848	397.422648	1305.440095	2330.978920	3543.255560
1.552098	492.264951	1863.567745	3466.906580	3573.177601
1.558348	713.627553	1903.058019	3264.893294	3528.373628
1.564598	794.552806	1990.632734	3242.513610	3579.212470
1.570848	450.860935	1865.855116	3238.387855	3761.329230
1.577098	333.489214	1664.836295	3122.158047	4057.579552
1.583348	320.052892	1606.419721	3142.363461	4159.676824
1.589598	347.795320	1605.618040	3183.945582	4066.375374
1.595848	364.686013	1586.575722	3195.251548	4412.905773
1.602098	364.880408	1658.380200	3351.709262	4524.808290
1.608348	349.571084	1638.235613	3415.270553	4285.136089
1.614598	323.991904	1613.909400	3251.731053	4153.346713
1.620848	319.155911	1597.293304	3255.158013	4099.169560
1.627098	296.708564	1696.168232	3291.322395	4089.802963
1.633348	332.541066	1707.351308	3305.922014	4183.039985
1.639598	335.570589	1783.954438	3420.847926	4004.846657
1.645848	1774.159109	3430.640823	3914.638938	4640.116531
1.652098	1615.659286	3422.206348	4262.740759	4666.894989
1.658348	1587.916812	3475.587957	4349.496560	4421.686497
1.664598	1568.884650	3457.985074	4322.298121	--undefined--
1.670848	834.224103	1604.100027	3477.302052	4365.377396
1.677098	453.948904	1604.297469	3454.351602	4596.538551
1.683348	143.805180	1578.078978	3162.779961	3483.091056
1.689598	1544.635194	2320.917866	3747.460016	4857.652630
1.695848	404.269565	1576.352154	2454.358882	3915.134553
1.702098	445.213681	1654.241356	2259.145816	3856.799788
1.708348	531.802598	1646.088325	3382.340126	5060.457699
1.714598	472.341730	1596.311614	3301.579799	3650.512659
1.720848	295.650979	1546.318858	2181.795042	3650.273328
1.727098	733.597899	1802.348469	3602.188694	5225.168165
1.733348	817.589295	1848.667730	3466.607796	4324.016504
1.739598	753.557990	1769.691771	3546.992716	4369.264693
1.745848	714.947762	1870.347165	3525.115539	4283.396918
1.752098	513.555909	1634.232724	3411.071159	4214.896340
1.758348	581.955992	1635.308596	3532.417817	4293.425178
1.764598	445.184974	1629.852216	2429.573816	3866.489200
1.770848	502.979063	1692.408214	3526.741092	4256.075519
1.777098	423.081782	1801.962523	3537.196257	4190.556069
1.783348	722.150828	1846.620520	3590.572740	4164.167483
1.789598	722.177417	1660.526789	3588.562260	4246.800048
1.795848	282.197867	1376.422611	2196.069968	3908.236710
1.802098	289.514391	1352.998728	2199.461649	4013.387996
1.808348	337.787281	1226.005384	2192.470169	4010.809355
1.814598	313.826488	1263.603035	2096.661343	3792.247133
1.820848	311.850106	1469.942162	2160.059153	3979.319156
1.827098	312.132906	1981.095546	2741.487514	4062.887425
1.833348	349.683441	1903.359063	3668.857638	4159.823116
1.839598	328.105691	2082.318469	3590.599908	4314.747592
1.845848	246.341397	2338.584540	3604.086453	4370.759211
1.852098	251.263847	2299.676901	3583.746895	4323.839593
1.858348	298.410974	2253.947290	3609.784717	4321.861030
1.864598	294.217765	2363.595185	3848.387077	4081.284387
1.870848	317.042995	2718.477186	4128.607211	--undefined--
1.877098	294.427125	1129.574566	2682.865350	4059.766706
1.883348	512.772631	2392.348795	3829.372202	4995.477727
1.889598	664.770218	2343.134642	3668.128104	4455.322203
1.895848	616.340104	2397.014187	3790.710406	4905.822537
1.902098	702.332458	2501.055490	3540.627031	4484.002010
1.908348	675.798258	2429.606896	3543.306405	4449.030359
1.914598	734.268063	2645.181429	3683.841658	4623.273743
1.920848	642.137298	2612.243307	3771.997359	4835.741217
1.927098	567.422414	2594.186533	3783.684030	4515.451983
1.933348	560.666114	2548.834518	3688.995789	4383.812457
1.939598	666.202227	2574.102987	3596.078529	4385.852976
1.945848	452.556208	2621.670543	3587.319357	4492.614867
1.952098	427.044189	2689.467431	3566.438329	4215.227566
1.958348	518.037057	2671.237629	3459.018151	4342.633117
1.964598	710.762964	2646.640784	3618.656003	4679.398424
1.970848	551.944231	2624.158874	3728.442841	4932.006314
1.977098	331.600500	2586.711677	3640.599918	4835.198703
1.983348	475.077736	2531.738085	3592.893226	4940.186084
1.989598	317.520407	2445.164510	3653.608800	5021.129007
1.995848	184.293401	1478.852846	2619.120228	3820.862528
2.002098	157.088959	1500.782790	2614.464631	3939.714504
2.008348	136.880837	1448.445410	2700.865869	4149.057837
2.014598	184.218796	1450.504010	2699.126028	3835.545550
2.020848	223.411726	1431.441089	2662.012148	3736.517659
2.027098	259.137947	1515.423374	2627.875378	4032.273855
2.033348	335.886530	1531.864204	2686.972831	3580.566240
2.039598	327.271801	1522.399145	2481.587157	3563.925223
2.045848	386.143569	1444.839917	2491.704603	3697.513898
2.052098	365.242357	1455.320304	2701.403553	3574.330725
2.058348	288.299949	1381.017754	2766.026448	3492.765533
2.064598	1280.475237	2456.766879	3378.011979	5247.845837
2.070848	1381.509835	2584.188875	3972.300339	--undefined--
2.077098	281.981112	1300.572000	2561.795677	3677.719453
2.083348	159.194059	1227.597371	2430.728698	3712.535979
2.089598	1324.009336	2554.372410	3778.659788	--undefined--
2.095848	1268.145349	2194.211438	3368.509890	4890.139554
2.102098	1188.495674	1987.124535	3315.225015	4613.463215
2.108348	1021.984559	1643.638942	3104.678419	4182.214054
2.114598	1086.086621	1861.442909	2870.088628	4078.563378
2.120848	1286.958023	1876.439554	2771.546242	3996.467242
2.127098	830.718692	1403.824689	2570.922555	4062.485149
2.133348	277.855188	1502.346011	2364.403473	3937.539026
2.139598	1160.363612	1926.408365	2555.484516	3924.926934
2.145848	1153.784696	1897.860317	3051.594120	4043.720211
2.152098	1176.387270	1951.578380	3232.347143	4803.539358
2.158348	1509.856154	1559.427603	3123.644268	4538.340681
2.164598	1444.629614	2225.743540	3308.298077	--undefined--
2.170848	1301.139090	2196.998941	3560.006486	--undefined--
2.177098	1300.099811	2188.052414	3486.263289	5332.177468
2.183348	179.917012	1381.464910	2253.811933	3478.544852
2.189598	1299.808734	2287.094749	3790.699215	--undefined--
2.195848	318.792897	1512.959673	2886.801030	3745.665872
2.202098	969.077938	1545.379623	3046.350333	4363.226758
2.208348	1144.457766	1720.921687	2987.776079	4549.754629
2.214598	1072.395642	1754.307908	3132.326604	4596.759554
2.220848	1131.239224	1849.974595	3464.098768	3473.895997
2.227098	303.417285	1371.082664	2021.648120	3720.327104
2.233348	1446.500348	2170.046738	3771.709239	--undefined--
2.239598	179.665850	1348.880563	2182.135708	3701.789597
2.245848	1193.889039	2068.752145	3536.479169	--undefined--
2.252098	513.633101	1486.987507	2079.612701	3444.794910
2.258348	524.474504	1465.280591	2287.121730	3797.234980
2.264598	287.500484	1470.494413	2233.067600	3875.262712
2.270848	1389.422102	2186.399944	3712.764156	--undefined--
2.277098	1394.631489	2203.243803	3774.877704	--undefined--
2.283348	594.073940	1407.860467	2465.667753	3724.243845
2.289598	376.738131	1360.857897	2221.256146	3574.976793
2.295848	329.377176	1284.204870	2139.221865	3553.764010
2.302098	574.230918	1247.784922	2184.475902	3718.005687
2.308348	648.196423	1327.634709	2218.625202	3789.813814
2.314598	371.323937	1317.308255	2278.307233	3723.395892
2.320848	392.394346	1432.466829	2260.931888	3947.214636
2.327098	373.650961	1505.971151	2219.559237	3738.567262
2.333348	413.592543	1439.808616	2120.947616	3727.763888
2.339598	1174.694908	2060.632642	3779.667894	--undefined--
2.345848	1217.165762	2093.245555	3813.598000	--undefined--
2.352098	1159.908183	2122.126000	3816.613800	--undefined--
2.358348	189.024101	1191.633866	2159.666614	3608.107325
2.364598	210.885641	1211.481498	2135.915415	3673.453990
2.370848	220.948593	1246.688091	2176.842113	3842.521627
2.377098	226.620427	1279.864475	2205.664009	3691.458109
2.383348	245.832130	1228.291194	2228.261361	3857.963578
2.389598	263.164639	1219.981269	2199.954002	4116.070126
2.395848	280.548466	1162.456010	2190.584677	3889.807228
2.402098	447.829111	1201.115828	2288.710249	3737.284218
2.408348	575.432906	1171.467968	2146.293361	3631.001072
2.414598	645.178805	1253.503492	1747.865705	3632.006310
2.420848	808.055541	1343.486211	3511.055422	4861.144686
2.427098	768.590760	1340.194622	3463.072913	5294.587393
2.433348	751.079035	1303.681668	3406.663275	5196.699212
2.439598	744.305615	1301.966814	2189.489280	3520.925216
2.445848	810.648902	1356.390804	2150.136920	3576.491674
2.452098	742.882557	1380.020025	1742.644056	3544.905491
2.458348	754.925594	1339.738625	2445.790881	3576.526403
2.464598	801.012778	1407.246663	3582.973382	5207.386098
2.470848	875.716981	1403.318622	3553.291446	4680.406596
2.477098	858.066182	1381.220552	3540.017202	4327.686863
2.483348	815.887187	1385.327702	3456.947283	4236.167985
2.489598	704.301675	1391.826840	3473.837855	4241.539004
2.495848	640.591337	1399.691863	3472.653108	4119.882019
2.502098	578.186807	1385.511425	3157.435383	3978.575588
2.508348	531.120596	1392.543904	2733.689607	3966.852776
2.514598	454.301917	1368.311584	2685.350842	4122.352111
2.520848	1372.181064	2644.323997	4128.488199	--undefined--
2.527098	321.978354	1374.353426	2707.386569	3725.614242
2.533348	424.535878	1350.814754	2666.133047	3677.832330
2.539598	506.278231	1408.359747	2721.975120	4325.725097
2.545848	552.411295	1448.828734	2750.396118	4321.732182
2.552098	618.989403	1474.535790	2716.335152	4307.663578
2.558348	586.583976	1454.621400	2667.761454	4433.696226
2.564598	583.419156	1412.365057	2683.077004	4418.577117
2.570848	519.292372	1356.534455	2550.145313	4486.656397
2.577098	494.029226	1337.998726	2709.877453	4572.246029
2.583348	458.005707	1318.489936	2836.986873	4844.366599
2.589598	425.604540	1195.448162	2873.456092	4573.310536
2.595848	402.105761	1187.117179	2851.816702	4760.052229
2.602098	411.082665	1179.163846	2666.762131	4257.835327
2.608348	398.530661	1101.887089	2728.122603	4447.285577
2.614598	397.990746	1037.443243	2808.909499	4476.668821
2.620848	427.437199	1006.498351	2745.866657	4593.001455
2.627098	416.384038	984.165735	2462.301891	4078.500791
2.633348	400.876870	909.681234	2507.879789	2805.888803
2.639598	428.574214	877.169703	2927.461382	5158.393180
2.645848	435.754347	903.983365	2795.273136	4321.387261
2.652098	419.952530	892.927520	2470.486192	4182.133633
2.658348	418.381135	923.711190	2881.625083	4648.077906
2.664598	422.743300	904.224538	2933.078449	5206.753628
2.670848	429.029279	908.383102	2948.790751	4766.598808
2.677098	441.835686	949.515559	2972.266680	5324.219710
2.683348	460.462493	995.998402	3029.049278	4545.505083
2.689598	460.245385	1028.535690	3052.230636	4486.174094
2.695848	462.492645	1084.679836	2869.515698	4556.154934
2.702098	466.966286	1134.593316	2317.398776	4003.484592
2.708348	477.120225	1189.933688	2852.835416	4639.155148
2.714598	463.981079	1232.961681	2774.434848	4424.141320
2.720848	431.938697	1298.331610	2767.211915	4528.326722
2.727098	414.899002	1315.812263	2827.654976	4666.052234
2.733348	425.051022	1268.015640	2887.604563	4528.367207
2.739598	400.240578	1149.189584	2560.322152	4533.141790
2.745848	464.095377	1505.904657	2765.386674	4074.438682
2.752098	538.685742	1642.286613	2708.459473	4077.584580
2.758348	499.052993	1604.262475	2703.995761	4087.137035
2.764598	460.657286	1547.103495	2822.000653	3895.728184
2.770848	583.046448	1382.806940	3009.659520	3948.575046
2.777098	633.923193	1440.612915	3189.374480	4376.040457
2.783348	642.281429	1472.278461	2946.401489	4242.833614
2.789598	645.715019	1424.372571	2743.369278	4365.523432
2.795848	645.684945	1406.047165	2700.487557	4420.831496
2.802098	710.056680	1425.781581	2627.272364	4460.850428
2.808348	734.788949	1449.545656	2627.831580	4568.761248
2.814598	706.883011	1450.051092	2631.448877	4789.700036
2.820848	666.453274	1470.358264	2668.813574	4806.714792
2.827098	658.055560	1485.086832	2705.327912	4744.401902
2.833348	606.090946	1494.995721	2329.800431	4498.828291
2.839598	594.955014	1514.359523	2437.654923	4437.489186
2.845848	573.697981	1572.098876	2584.768135	4442.443713
2.852098	551.248604	1643.155524	2672.950631	4521.876192
2.858348	515.841067	1650.865897	2670.239565	4433.287827
2.864598	531.843782	1621.018024	2703.539419	4322.525297
2.870848	499.062298	1561.410581	2593.175013	4262.665040
2.877098	470.017955	1646.475770	2661.601460	4230.875132
2.883348	384.883049	1728.379902	2736.395708	4194.191228
2.889598	466.299023	1633.454284	2764.771170	4093.226031
2.895848	511.714005	1496.741068	2757.782448	4091.541776
2.902098	508.066393	1474.574845	2904.926126	4211.575342
2.908348	419.909826	1465.333053	3003.028400	4200.146677
2.914598	404.286647	1453.262760	2956.394592	4082.928794
2.920848	498.287467	1553.782410	3044.072761	4086.133678
2.927098	468.548491	1543.051756	2521.706245	3795.354571
2.933348	432.395723	1379.695525	2247.630792	3592.173686
2.939598	371.607622	1369.434427	2164.484088	3719.397439
2.945848	390.930932	1446.404448	2045.593882	3611.250920
2.952098	491.356098	1272.126318	2121.722376	3609.506689
2.958348	825.698496	1903.123396	3326.834753	4022.245521
2.964598	933.638002	1952.651251	3351.751050	4070.562447
2.970848	926.423372	2009.485377	3370.194095	4175.433402
2.977098	686.582120	1833.948667	3334.863249	4251.894379
2.983348	602.120401	1603.187285	3282.504308	3683.859585
2.989598	768.180795	1536.543333	2826.263042	3393.556734
2.995848	776.872386	1428.767276	2881.331999	3892.551952
3.002098	765.118389	1313.542531	2903.484933	4154.218986
3.008348	471.307119	1311.964479	2987.959391	4236.529330
3.014598	445.790087	1356.361612	2811.621838	4244.364626
3.020848	428.217961	1276.571916	2629.949986	4104.645745
3.027098	405.104593	1158.696471	2440.862524	4217.931800
3.033348	393.533821	1166.530177	2335.921454	4202.914605
3.039598	387.766399	1115.744740	2387.721385	4111.691055
3.045848	413.147352	1132.164100	2285.716646	3948.210496
3.052098	399.993915	1101.774175	2121.773124	3694.186481
3.058348	356.275281	1130.176689	2124.088181	3712.580994
3.064598	157.659597	1229.580918	2195.090905	3891.691336
3.070848	203.651306	1328.288245	2241.110099	4010.731243
3.077098	392.451826	1171.952384	1941.631828	3725.036783
3.083348	445.767005	1103.307946	2031.006034	4079.316534
3.089598	483.346010	1103.076729	2069.084877	3925.810612
3.095848	487.345266	1036.641328	2092.076975	4135.192741
3.102098	495.959373	992.211836	2147.859528	4114.949097
3.108348	489.619489	979.488930	2134.109418	3865.469060
3.114598	487.743278	970.195274	2136.645681	3934.499243
3.120848	481.039048	959.438672	2149.982604	3833.756935
3.127098	477.334249	950.227820	2157.404966	3707.118758
3.133348	471.294485	928.166284	2174.919443	3705.802855
3.139598	466.286160	927.321510	2148.698593	3588.618816
3.145848	462.776868	910.985904	2117.167467	3497.196140
3.152098	460.055156	897.980711	2188.983641	3450.739104
3.158348	459.025722	862.182540	2205.538373	3363.329060
3.164598	439.701060	837.069375	2184.995910	3670.799414
3.170848	472.770794	815.788985	2301.434587	3822.726059
3.177098	482.070017	1144.796361	2246.371528	3902.372596
3.183348	478.392627	1094.281498	2404.162322	4009.075284
3.189598	489.015260	1012.456771	2652.450148	3526.865933
3.195848	502.923916	1938.671059	3321.671979	4944.439983
3.202098	511.843514	2155.694393	2456.316520	3393.967563
3.208348	562.913385	2004.341677	2445.517182	3476.938218
3.214598	531.503374	1843.575660	2507.158877	3526.419572
3.220848	486.980954	1805.660342	3079.223775	3381.393624
3.227098	561.624662	2186.444105	3199.052246	4379.773351
3.233348	501.233695	2047.194600	3761.417570	3978.693270
3.239598	506.938039	905.032061	2420.961727	3835.422386
3.245848	536.002782	1290.697817	2768.466418	3562.179244
3.252098	791.511695	1341.912361	3159.218290	3657.915150
3.258348	795.153552	1348.212582	3067.099293	3725.712045
3.264598	529.717745	1383.453358	2671.434192	3595.552584
3.270848	545.011648	1185.361275	2393.705839	3704.503505
3.277098	503.792023	1215.023007	2274.825041	3755.868274
3.283348	507.199171	1339.651945	2224.211852	3677.965889
3.289598	532.712570	1442.828473	2711.578220	4271.904871
3.295848	532.754131	1514.650353	2719.491977	4307.293127
3.302098	480.552596	1552.788968	2480.720855	3843.395734
3.308348	471.395643	1557.127658	2471.744555	3751.060844
3.314598	525.506109	1392.363933	2431.341006	3574.429479
3.320848	465.401209	1399.923636	2621.652854	3521.054533
3.327098	422.587932	1470.627846	2580.501823	3911.171595
3.333348	432.880795	1562.315516	2687.954579	3870.016923
3.339598	437.225084	1450.052105	2672.886435	3918.997800
3.345848	436.835032	1482.299099	2614.594937	3590.619972
3.352098	452.549920	1487.869950	2602.279832	3681.786301
3.358348	468.583240	1473.386419	2665.042483	4147.012473
3.364598	478.483512	1533.613932	2663.184773	3950.471732
3.370848	443.704728	1596.024081	2475.389204	3844.220327
3.377098	432.022932	1626.516576	2542.190059	3928.171471
3.383348	1403.713383	2501.146023	3995.660732	--undefined--
3.389598	1289.862753	2386.681972	3817.184156	3929.420227
3.395848	548.875801	1503.082441	3049.357457	3994.326586
3.402098	558.109831	1653.763105	2891.220384	4300.207967
3.408348	101.840395	1478.794992	2424.638230	4020.089046
3.414598	1159.537684	2182.079316	3882.704896	5004.946090
3.420848	1116.807875	2225.752117	3916.025063	5079.997730
3.427098	1150.015361	2376.309807	3828.251129	5088.429450
3.433348	527.259209	1334.867310	2278.359793	3880.525529
3.439598	423.397213	1398.189927	2375.754652	4085.156614
3.445848	482.113069	1480.781807	2661.837890	4129.353897
3.452098	415.787360	1488.300412	2644.605287	4009.170650
3.458348	418.480214	1509.862859	2494.771395	3850.915058
3.464598	340.300212	1423.567170	2245.523516	3751.700496
3.470848	327.649673	1388.598672	2199.129885	3782.338978
3.477098	563.273087	1423.968661	2398.338003	3935.901085
3.483348	533.386915	1390.092557	2430.622648	3737.131802
3.489598	500.884278	1400.744952	2471.749646	3807.504970
3.495848	350.957422	1324.070301	2473.264945	4521.539875
3.502098	1096.894406	1223.965708	2408.345099	4440.072350
3.508348	1106.274809	1473.630481	2403.342876	4291.466736
3.514598	553.036963	1446.134786	2274.751966	4006.329755
3.520848	347.343156	1609.139986	2243.612161	3978.229769
3.527098	487.641278	1480.300360	2402.087961	3818.202003
3.533348	596.700635	1377.042089	2420.162483	3802.484237
3.539598	817.655845	1185.081014	2272.539606	4422.234769
3.545848	467.204811	1119.011889	2247.400288	4403.834129
3.552098	1272.713067	2271.405988	3908.059168	--undefined--
3.558348	742.508550	1304.425282	2353.516258	3624.780564
3.564598	609.485119	1388.390147	2873.884439	3571.755489
3.570848	474.418787	1410.918132	2483.360540	3572.552547
3.577098	434.113579	1461.058580	2372.791712	3666.947677
3.583348	529.952005	1460.614768	2331.030803	3903.744542
3.589598	481.800079	1475.681959	2362.433065	3892.942792
3.595848	634.903647	1470.157249	2498.718939	4014.839099
3.602098	1221.765254	1981.278356	2480.346333	4067.963189
3.608348	1479.872755	2348.352021	3721.043967	--undefined--
3.614598	437.842455	1436.047554	2395.780187	3640.873674
3.620848	545.391750	1478.106758	2416.832900	3713.560223
3.627098	393.680727	1457.268289	2473.367806	4227.746713
3.633348	394.772735	1453.109284	2448.139377	4207.444948
3.639598	393.465838	1428.918041	2542.733091	4256.942512
3.645848	1231.863731	1368.333096	2460.715046	4172.920188
3.652098	358.623024	1422.586656	2388.464305	4086.619966
3.658348	592.937682	1477.094014	2390.782815	4243.597176
3.664598	873.921822	1556.375759	2872.704674	4557.910090
3.670848	1296.912691	1533.230345	2994.423149	4684.413420
3.677098	536.441591	1401.301861	2370.045439	3780.604988
3.683348	1131.109317	1480.995574	2436.167011	3870.302476
3.689598	1138.374248	2013.253790	2289.790692	3602.502345
3.695848	1049.718723	1717.784508	2830.902258	4641.219947
3.702098	1266.812542	1527.960192	2754.412340	4488.440449
3.708348	1427.941079	1575.636378	2446.300717	4088.299712
3.714598	353.427608	1381.525092	2359.280393	3830.900069
3.720848	1192.284357	1331.489700	2317.902418	3681.031214
3.727098	1161.578111	1861.049455	2375.702753	3762.627862
3.733348	340.858249	1284.177531	2398.955062	3783.665413
3.739598	659.884133	1376.051093	2430.866774	3621.003721
3.745848	876.041527	1382.415859	2497.110120	4102.396161
3.752098	1148.379496	1885.597046	2694.256945	4258.847887
3.758348	1183.092098	1714.300691	2439.961791	3924.044702
3.764598	1332.470083	1387.657321	2559.427449	3829.697924
3.770848	1501.113307	2606.835382	3745.104661	--undefined--
3.777098	713.610184	1501.399518	2611.578779	4010.398456
3.783348	1129.702128	1661.518218	2593.305964	4056.156859
3.789598	1084.441018	1647.862938	2536.879268	4127.409203
3.795848	263.813394	1385.782692	2456.567299	4034.751146
3.802098	1348.069175	2734.702379	4179.788661	--undefined--
3.808348	1392.027080	2685.593220	4201.444957	--undefined--
3.814598	1441.072615	2596.371279	3342.029510	4398.423909
3.820848	1382.076342	1761.514611	2587.169615	4060.056118
3.827098	318.475997	1372.203817	2443.440416	3726.874344
3.833348	291.612017	1393.793715	2327.608253	3414.208960
3.839598	373.113621	1432.321569	2260.713455	3964.952845
3.845848	300.972816	1456.944757	2522.376908	4014.196102
3.852098	520.642611	1440.202890	2636.800188	4424.438986
3.858348	335.740700	1418.180131	2554.044235	4244.403006
3.864598	1314.679357	1367.458433	2457.619754	4055.763133
3.870848	181.578471	1425.550063	2435.157167	3953.039548
3.877098	251.352262	1444.012325	2573.171264	3234.325536
