Time_s   Intensity_dB
0.044288   -300.000000
0.054955   -300.000000
0.065621   -300.000000
0.076288   -300.000000
0.086955   -300.000000
0.097621   -300.000000
0.108288   -300.000000
0.118955   -300.000000
0.129621   -300.000000
0.140288   -300.000000
0.150955   -300.000000
0.161621   -300.000000
0.172288   -300.000000
0.182955   -300.000000
0.193621   -300.000000
0.204288   -300.000000
0.214955   -300.000000
0.225621   -300.000000
0.236288   -300.000000
0.246955   -300.000000
0.257621   -300.000000
0.268288   -300.000000
0.278955   -300.000000
0.289621   -300.000000
0.300288   -300.000000
0.310955   -300.000000
0.321621   -300.000000
0.332288   -91.127220
0.342955   -58.485444
0.353621   -19.712398
0.364288   -14.282945
0.374955   -4.996288
0.385621   2.273792
0.396288   7.855854
0.406955   13.780025
0.417621   18.483640
0.428288   25.211115
0.438955   30.965744
0.449621   33.093303
0.460288   32.046762
0.470955   29.299284
0.481621   27.453570
0.492288   28.027917
0.502955   29.051981
0.513621   30.049013
0.524288   31.717757
0.534955   32.766168
0.545621   32.437767
0.556288   31.528453
0.566955   31.327477
0.577621   32.361200
0.588288   33.606791
0.598955   34.680332
0.609621   35.990747
0.620288   36.015518
0.630955   35.591808
0.641621   35.479018
0.652288   35.990514
0.662955   37.483697
0.673621   38.530723
0.684288   38.615612
0.694955   38.249955
0.705621   37.931548
0.716288   37.173901
0.726955   37.359170
0.737621   38.173220
0.748288   37.666024
0.758955   36.550014
0.769621   35.840256
0.780288   36.862181
0.790955   38.806639
0.801621   39.298387
0.812288   38.546769
0.822955   37.999028
0.833621   37.085824
0.844288   36.660739
0.854955   37.030580
0.865621   36.771003
0.876288   35.861264
0.886955   34.358996
0.897621   33.492099
0.908288   34.350242
0.918955   38.930561
0.929621   49.163973
0.940288   56.291491
0.950955   58.737199
0.961621   58.728653
0.972288   64.193838
0.982955   70.685059
0.993621   74.524455
1.004288   75.843017
1.014955   76.185645
1.025621   76.423820
1.036288   76.216639
1.046955   75.949627
1.057621   75.859737
1.068288   75.828262
1.078955   75.818045
1.089621   75.773448
1.100288   75.501673
1.110955   74.698523
1.121621   73.447615
1.132288   72.111426
1.142955   71.043964
1.153621   70.738182
1.164288   71.329255
1.174955   72.611728
1.185621   73.802474
1.196288   74.183169
1.206955   73.985632
1.217621   74.537793
1.228288   75.842433
1.238955   76.627264
1.249621   76.966655
1.260288   77.099554
1.270955   76.577094
1.281621   75.892516
1.292288   75.811717
1.302955   75.940582
1.313621   75.884020
1.324288   76.054454
1.334955   76.907290
1.345621   77.716383
1.356288   77.988772
1.366955   77.791522
1.377621   77.398389
1.388288   77.262685
1.398955   77.340024
1.409621   77.004670
1.420288   75.491260
1.430955   72.836925
1.441621   71.996975
1.452288   74.240451
1.462955   76.081788
1.473621   76.804832
1.484288   76.988089
1.494955   76.977576
1.505621   76.485341
1.516288   75.171116
1.526955   72.829493
1.537621   69.851087
1.548288   68.033263
1.558955   67.108143
1.569621   67.885185
1.580288   70.809044
1.590955   73.027802
1.601621   73.695278
1.612288   73.034300
1.622955   71.220958
1.633621   68.381025
1.644288   65.023139
1.654955   61.750500
1.665621   59.884463
1.676288   57.878260
1.686955   55.441141
1.697621   54.641574
1.708288   55.320846
1.718955   56.806665
1.729621   56.753511
1.740288   54.813053
1.750955   53.890283
1.761621   57.512888
1.772288   61.174953
1.782955   62.425713
1.793621   66.249700
1.804288   70.159125
1.814955   71.303251
1.825621   70.476868
1.836288   68.277624
1.846955   65.679747
1.857621   64.559723
1.868288   64.222291
1.878955   64.244894
1.889621   64.071036
1.900288   62.373112
1.910955   62.060679
1.921621   66.721919
1.932288   70.388378
1.942955   72.072552
1.953621   72.271265
1.964288   71.726766
1.974955   70.838788
1.985621   69.876689
1.996288   69.292957
2.006955   68.880301
2.017621   69.234352
2.028288   69.696040
2.038955   69.818051
2.049621   70.142943
2.060288   70.883213
2.070955   71.882060
2.081621   72.619142
2.092288   73.005889
2.102955   73.428130
2.113621   73.807959
2.124288   73.774917
2.134955   74.098708
2.145621   75.062520
2.156288   75.880565
2.166955   76.327566
2.177621   76.491826
2.188288   76.197946
2.198955   75.688959
2.209621   75.474393
2.220288   75.505163
2.230955   75.054151
2.241621   74.028586
2.252288   73.212376
2.262955   71.996483
2.273621   69.023251
2.284288   64.599206
2.294955   60.669477
2.305621   59.567630
2.316288   59.850505
2.326955   59.018908
2.337621   57.623730
2.348288   57.430596
2.358955   57.316728
2.369621   55.774937
2.380288   53.361670
2.390955   51.810701
2.401621   52.488625
2.412288   53.453094
2.422955   53.972199
2.433621   53.438351
2.444288   51.814030
2.454955   50.041336
2.465621   48.488908
2.476288   47.983293
2.486955   47.113838
2.497621   45.635443
2.508288   44.142048
2.518955   43.913507
2.529621   43.491134
2.540288   41.147503
2.550955   39.672820
2.561621   39.777482
2.572288   39.626086
2.582955   39.166142
2.593621   38.758996
2.604288   38.335816
2.614955   37.713207
2.625621   38.413218
2.636288   39.509310
2.646955   39.665968
2.657621   38.942050
2.668288   38.898262
2.678955   39.121538
2.689621   39.248833
2.700288   40.210003
2.710955   40.162238
2.721621   39.626600
2.732288   40.981979
2.742955   42.156836
2.753621   45.474343
2.764288   54.335593
2.774955   61.261870
2.785621   64.997277
2.796288   66.250298
2.806955   66.299144
2.817621   67.035964
2.828288   68.647618
2.838955   69.797946
2.849621   70.640521
2.860288   71.068673
2.870955   71.316287
2.881621   71.521966
2.892288   71.641369
2.902955   71.772783
2.913621   71.595614
2.924288   70.718236
2.934955   68.494328
2.945621   64.477376
2.956288   65.239640
2.966955   69.226064
2.977621   71.039818
2.988288   71.728942
2.998955   72.050575
3.009621   72.153090
3.020288   71.897946
3.030955   71.379061
3.041621   71.327119
3.052288   71.503741
3.062955   70.878542
3.073621   69.529407
3.084288   69.334539
3.094955   70.725494
3.105621   72.164784
3.116288   73.264584
3.126955   73.889223
3.137621   73.737397
3.148288   72.265977
3.158955   68.869501
3.169621   64.544230
3.180288   62.399965
3.190955   61.303837
3.201621   63.206255
3.212288   68.541555
3.222955   71.823843
3.233621   72.875207
3.244288   73.064370
3.254955   73.297564
3.265621   73.633497
3.276288   73.510375
3.286955   73.023833
3.297621   72.508602
3.308288   72.039118
3.318955   71.147809
3.329621   68.799148
3.340288   64.797463
3.350955   61.660899
3.361621   61.102632
3.372288   60.598793
3.382955   59.341143
3.393621   60.848917
3.404288   62.752233
3.414955   62.953641
3.425621   64.800999
3.436288   66.817040
3.446955   67.578709
3.457621   68.214683
3.468288   69.687679
3.478955   71.096459
3.489621   70.991418
3.500288   68.820754
3.510955   68.469039
3.521621   72.018189
3.532288   74.038406
3.542955   74.504835
3.553621   74.898517
3.564288   74.917260
3.574955   73.779569
3.585621   71.075420
3.596288   66.528995
3.606955   61.289918
3.617621   59.017146
3.628288   59.972461
3.638955   61.303762
3.649621   60.920605
3.660288   58.832113
3.670955   56.787141
3.681621   54.620501
3.692288   51.697330
3.702955   50.403158
3.713621   50.735000
3.724288   51.116835
3.734955   51.520291
3.745621   51.271165
3.756288   49.867507
3.766955   48.298590
3.777621   46.907872
3.788288   46.495115
3.798955   47.995830
3.809621   50.409644
3.820288   51.962508
3.830955   51.099978
3.841621   47.642963
3.852288   44.531079
3.862955   42.530001
3.873621   40.359879
3.884288   40.895857
3.894955   42.696472
3.905621   43.677933
3.916288   43.347564
3.926955   42.871665
3.937621   43.084920
3.948288   44.124639
3.958955   44.962676
3.969621   44.448774
3.980288   43.696508
3.990955   43.702301
4.001621   42.671414
4.012288   41.256455
4.022955   40.501620
4.033621   39.697425
4.044288   38.634626
4.054955   38.960433
4.065621   39.477393
4.076288   38.359162
4.086955   37.074841
4.097621   37.869268
4.108288   39.332980
4.118955   39.007833
4.129621   37.199475
4.140288   36.207718
4.150955   37.082710
4.161621   39.607519
4.172288   42.137545
4.182955   42.545122
4.193621   40.719548
4.204288   38.131762
4.214955   37.285318
4.225621   38.311453
