Time_s   F0_Hz
0.022098   --undefined--
0.032098   --undefined--
0.042098   --undefined--
0.052098   --undefined--
0.062098   --undefined--
0.072098   --undefined--
0.082098   --undefined--
0.092098   --undefined--
0.102098   --undefined--
0.112098   --undefined--
0.122098   --undefined--
0.132098   --undefined--
0.142098   --undefined--
0.152098   --undefined--
0.162098   --undefined--
0.172098   --undefined--
0.182098   --undefined--
0.192098   --undefined--
0.202098   --undefined--
0.212098   --undefined--
0.222098   --undefined--
0.232098   --undefined--
0.242098   --undefined--
0.252098   --undefined--
0.262098   --undefined--
0.272098   --undefined--
0.282098   --undefined--
0.292098   --undefined--
0.302098   --undefined--
0.312098   --undefined--
0.322098   --undefined--
0.332098   --undefined--
0.342098   --undefined--
0.352098   --undefined--
0.362098   --undefined--
0.372098   --undefined--
0.382098   --undefined--
0.392098   --undefined--
0.402098   --undefined--
0.412098   --undefined--
0.422098   --undefined--
0.432098   --undefined--
0.442098   --undefined--
0.452098   --undefined--
0.462098   --undefined--
0.472098   --undefined--
0.482098   --undefined--
0.492098   --undefined--
0.502098   --undefined--
0.512098   --undefined--
0.522098   --undefined--
0.532098   --undefined--
0.542098   --undefined--
0.552098   --undefined--
0.562098   --undefined--
0.572098   --undefined--
0.582098   --undefined--
0.592098   --undefined--
0.602098   --undefined--
0.612098   --undefined--
0.622098   --undefined--
0.632098   --undefined--
0.642098   --undefined--
0.652098   --undefined--
0.662098   --undefined--
0.672098   --undefined--
0.682098   --undefined--
0.692098   --undefined--
0.702098   --undefined--
0.712098   --undefined--
0.722098   --undefined--
0.732098   --undefined--
0.742098   --undefined--
0.752098   --undefined--
0.762098   --undefined--
0.772098   --undefined--
0.782098   --undefined--
0.792098   --undefined--
0.802098   --undefined--
0.812098   --undefined--
0.822098   --undefined--
0.832098   --undefined--
0.842098   --undefined--
0.852098   112.075268
0.862098   110.176827
0.872098   107.385021
0.882098   105.232006
0.892098   103.706338
0.902098   104.941672
0.912098   106.623524
0.922098   107.993764
0.932098   109.095197
0.942098   110.398137
0.952098   111.610224
0.962098   112.929379
0.972098   114.473139
0.982098   116.865953
0.992098   118.718596
1.002098   119.270741
1.012098   122.321207
1.022098   123.370005
1.032098   121.966515
1.042098   120.698217
1.052098   119.877387
1.062098   119.766399
1.072098   119.851370
1.082098   118.669794
1.092098   117.174505
1.102098   116.715070
1.112098   116.179599
1.122098   114.672695
1.132098   113.307973
1.142098   113.140535
1.152098   112.542056
1.162098   111.694512
1.172098   110.453321
1.182098   109.214671
1.192098   108.571139
1.202098   108.195619
1.212098   106.549075
1.222098   106.303988
1.232098   104.863097
1.242098   104.279100
1.252098   103.483133
1.262098   103.718310
1.272098   104.274249
1.282098   104.494688
1.292098   103.514900
1.302098   103.825634
1.312098   102.976051
1.322098   102.123029
1.332098   102.805209
1.342098   102.275687
1.352098   103.902376
1.362098   103.567494
1.372098   103.386312
1.382098   103.769250
1.392098   104.176935
1.402098   124.945056
1.412098   100.861878
1.422098   100.110486
1.432098   97.993905
1.442098   94.064816
1.452098   91.758158
1.462098   84.714962
1.472098   --undefined--
1.482098   --undefined--
1.492098   --undefined--
1.502098   --undefined--
1.512098   --undefined--
1.522098   --undefined--
1.532098   --undefined--
1.542098   --undefined--
1.552098   --undefined--
1.562098   --undefined--
1.572098   --undefined--
1.582098   88.313564
1.592098   91.725424
1.602098   95.348966
1.612098   93.808665
1.622098   92.538201
1.632098   92.605988
1.642098   92.602711
1.652098   --undefined--
1.662098   --undefined--
1.672098   --undefined--
1.682098   --undefined--
1.692098   100.658285
1.702098   94.641620
1.712098   92.674744
1.722098   91.883506
1.732098   91.804112
1.742098   91.332967
1.752098   90.260767
1.762098   89.647562
1.772098   86.909227
1.782098   84.292987
1.792098   86.803465
1.802098   88.003575
1.812098   89.233633
1.822098   93.036378
1.832098   94.329000
1.842098   96.707737
1.852098   101.410820
1.862098   106.659746
1.872098   110.297160
1.882098   116.145775
1.892098   119.197540
1.902098   124.917455
1.912098   131.018144
1.922098   133.070957
1.932098   133.702692
1.942098   136.695332
1.952098   138.727854
1.962098   142.460916
1.972098   142.843957
1.982098   145.440406
1.992098   149.902509
2.002098   153.279151
2.012098   150.847149
2.022098   149.476558
2.032098   --undefined--
2.042098   --undefined--
2.052098   --undefined--
2.062098   --undefined--
2.072098   --undefined--
2.082098   --undefined--
2.092098   --undefined--
2.102098   --undefined--
2.112098   --undefined--
2.122098   --undefined--
2.132098   --undefined--
2.142098   --undefined--
2.152098   --undefined--
2.162098   --undefined--
2.172098   --undefined--
2.182098   --undefined--
2.192098   --undefined--
2.202098   --undefined--
2.212098   --undefined--
2.222098   --undefined--
2.232098   --undefined--
2.242098   --undefined--
2.252098   --undefined--
2.262098   --undefined--
2.272098   --undefined--
2.282098   --undefined--
2.292098   --undefined--
2.302098   --undefined--
2.312098   --undefined--
2.322098   --undefined--
2.332098   --undefined--
2.342098   --undefined--
2.352098   --undefined--
2.362098   --undefined--
2.372098   100.893433
2.382098   93.475133
2.392098   91.273801
2.402098   93.757152
2.412098   95.842779
2.422098   84.586138
2.432098   85.212028
2.442098   85.313605
2.452098   85.918682
2.462098   80.668613
2.472098   85.812917
2.482098   84.362149
2.492098   85.719884
2.502098   85.334162
2.512098   83.815138
2.522098   81.355822
2.532098   92.907032
2.542098   94.758828
2.552098   91.960163
2.562098   90.361207
2.572098   89.921143
2.582098   90.174957
2.592098   90.072129
2.602098   92.024405
2.612098   96.382950
2.622098   99.885874
2.632098   101.545546
2.642098   102.750383
2.652098   106.096911
2.662098   109.792537
2.672098   112.331889
2.682098   115.267260
2.692098   116.024454
2.702098   117.506066
2.712098   119.278870
2.722098   119.631826
2.732098   116.923022
2.742098   116.169671
2.752098   115.930029
2.762098   115.756530
2.772098   --undefined--
2.782098   --undefined--
2.792098   119.569678
2.802098   118.498881
2.812098   116.010024
2.822098   108.419672
2.832098   95.789447
2.842098   87.406002
2.852098   86.654759
2.862098   85.394072
2.872098   --undefined--
2.882098   --undefined--
2.892098   --undefined--
2.902098   --undefined--
2.912098   --undefined--
2.922098   --undefined--
2.932098   --undefined--
2.942098   --undefined--
2.952098   --undefined--
2.962098   --undefined--
2.972098   --undefined--
2.982098   --undefined--
2.992098   --undefined--
3.002098   --undefined--
3.012098   --undefined--
3.022098   --undefined--
3.032098   --undefined--
3.042098   --undefined--
3.052098   --undefined--
3.062098   --undefined--
3.072098   --undefined--
3.082098   --undefined--
3.092098   90.316209
3.102098   90.151454
3.112098   91.103319
3.122098   93.040983
3.132098   93.900164
3.142098   92.837765
3.152098   91.606945
3.162098   89.590792
3.172098   87.229241
3.182098   91.072424
3.192098   92.309832
3.202098   91.851829
3.212098   92.023853
3.222098   91.934760
3.232098   92.151128
3.242098   91.676224
3.252098   --undefined--
3.262098   --undefined--
3.272098   --undefined--
3.282098   --undefined--
3.292098   --undefined--
3.302098   --undefined--
3.312098   --undefined--
3.322098   --undefined--
3.332098   --undefined--
3.342098   --undefined--
3.352098   --undefined--
3.362098   --undefined--
3.372098   --undefined--
3.382098   --undefined--
3.392098   --undefined--
3.402098   --undefined--
3.412098   --undefined--
3.422098   --undefined--
3.432098   --undefined--
3.442098   --undefined--
3.452098   --undefined--
3.462098   --undefined--
3.472098   --undefined--
3.482098   --undefined--
3.492098   --undefined--
3.502098   --undefined--
3.512098   --undefined--
3.522098   --undefined--
3.532098   --undefined--
3.542098   --undefined--
3.552098   --undefined--
3.562098   --undefined--
3.572098   --undefined--
3.582098   --undefined--
3.592098   --undefined--
3.602098   --undefined--
3.612098   --undefined--
3.622098   --undefined--
3.632098   --undefined--
3.642098   --undefined--
3.652098   --undefined--
3.662098   --undefined--
3.672098   --undefined--
3.682098   --undefined--
3.692098   --undefined--
3.702098   --undefined--
3.712098   --undefined--
3.722098   --undefined--
3.732098   --undefined--
3.742098   --undefined--
3.752098   --undefined--
3.762098   --undefined--
3.772098   --undefined--
3.782098   --undefined--
3.792098   --undefined--
3.802098   --undefined--
3.812098   --undefined--
3.822098   --undefined--
3.832098   --undefined--
3.842098   --undefined--
3.852098   --undefined--
3.862098   --undefined--
3.872098   --undefined--
3.882098   --undefined--
