Time_s	F0_Hz
0.024853	--undefined--
0.034853	--undefined--
0.044853	--undefined--
0.054853	--undefined--
0.064853	--undefined--
0.074853	--undefined--
0.084853	--undefined--
0.094853	--undefined--
0.104853	--undefined--
0.114853	--undefined--
0.124853	--undefined--
0.134853	--undefined--
0.144853	--undefined--
0.154853	--undefined--
0.164853	--undefined--
0.174853	--undefined--
0.184853	--undefined--
0.194853	--undefined--
0.204853	--undefined--
0.214853	--undefined--
0.224853	--undefined--
0.234853	--undefined--
0.244853	--undefined--
0.254853	--undefined--
0.264853	--undefined--
0.274853	--undefined--
0.284853	--undefined--
0.294853	--undefined--
0.304853	--undefined--
0.314853	--undefined--
0.324853	--undefined--
0.334853	--undefined--
0.344853	--undefined--
0.354853	--undefined--
0.364853	--undefined--
0.374853	--undefined--
0.384853	--undefined--
0.394853	--undefined--
0.404853	--undefined--
0.414853	--undefined--
0.424853	--undefined--
0.434853	--undefined--
0.444853	--undefined--
0.454853	--undefined--
0.464853	--undefined--
0.474853	--undefined--
0.484853	--undefined--
0.494853	--undefined--
0.504853	--undefined--
0.514853	--undefined--
0.524853	--undefined--
0.534853	--undefined--
0.544853	--undefined--
0.554853	--undefined--
0.564853	--undefined--
0.574853	--undefined--
0.584853	--undefined--
0.594853	--undefined--
0.604853	--undefined--
0.614853	--undefined--
0.624853	--undefined--
0.634853	--undefined--
0.644853	--undefined--
0.654853	--undefined--
0.664853	--undefined--
0.674853	--undefined--
0.684853	--undefined--
0.694853	--undefined--
0.704853	--undefined--
0.714853	--undefined--
0.724853	--undefined--
0.734853	--undefined--
0.744853	109.726938
0.754853	108.294400
0.764853	107.102715
0.774853	107.112006
0.784853	107.272577
0.794853	106.110495
0.804853	106.438767
0.814853	107.669969
0.824853	108.895964
0.834853	110.013332
0.844853	112.210842
0.854853	113.283971
0.864853	115.181284
0.874853	117.652816
0.884853	120.006039
0.894853	121.033969
0.904853	120.923933
0.914853	120.015313
0.924853	119.193242
0.934853	119.577713
0.944853	119.708276
0.954853	118.599007
0.964853	117.288632
0.974853	114.750186
0.984853	116.687980
0.994853	117.019923
1.004853	116.584125
1.014853	117.058784
1.024853	117.604058
1.034853	116.460754
1.044853	115.739742
1.054853	115.368831
1.064853	114.274384
1.074853	113.804991
1.084853	112.595476
1.094853	112.476521
1.104853	110.961228
1.114853	110.538986
1.124853	107.729371
1.134853	106.515815
1.144853	105.032818
1.154853	102.244835
1.164853	104.907795
1.174853	108.219141
1.184853	112.615421
1.194853	110.728752
1.204853	108.422287
1.214853	--undefined--
1.224853	--undefined--
1.234853	--undefined--
1.244853	107.249854
1.254853	108.469757
1.264853	108.554974
1.274853	108.235036
1.284853	108.657021
1.294853	108.600454
1.304853	107.042201
1.314853	105.491927
1.324853	106.848705
1.334853	108.943886
1.344853	108.562952
1.354853	108.796246
1.364853	108.337967
1.374853	108.553905
1.384853	108.574882
1.394853	108.082585
1.404853	108.815402
1.414853	108.068178
1.424853	--undefined--
1.434853	118.332604
1.444853	113.019965
1.454853	106.125835
1.464853	102.214785
1.474853	100.090751
1.484853	109.390680
1.494853	108.413158
1.504853	108.316670
1.514853	111.078372
1.524853	111.132390
1.534853	--undefined--
1.544853	--undefined--
1.554853	--undefined--
1.564853	--undefined--
1.574853	--undefined--
1.584853	--undefined--
1.594853	--undefined--
1.604853	--undefined--
1.614853	--undefined--
1.624853	--undefined--
1.634853	116.369013
1.644853	112.311045
1.654853	106.590592
1.664853	105.449654
1.674853	103.350751
1.684853	102.070364
1.694853	103.604806
1.704853	103.714081
1.714853	103.938035
1.724853	102.460537
1.734853	107.376348
1.744853	116.251961
1.754853	111.486155
1.764853	107.298294
1.774853	106.565829
1.784853	105.251518
1.794853	103.829452
1.804853	102.778817
1.814853	101.438363
1.824853	100.625242
1.834853	99.601737
1.844853	94.588971
1.854853	100.323948
1.864853	100.748794
1.874853	99.606755
1.884853	98.721478
1.894853	98.677855
1.904853	98.561780
1.914853	97.870135
1.924853	97.990001
1.934853	98.166028
1.944853	98.118537
1.954853	98.096080
1.964853	99.198151
1.974853	100.176244
1.984853	100.999903
1.994853	101.411350
2.004853	101.154525
2.014853	99.880811
2.024853	98.272600
2.034853	99.298958
2.044853	99.400573
2.054853	99.869648
2.064853	101.132402
2.074853	100.920144
2.084853	102.324339
2.094853	102.059971
2.104853	100.789527
2.114853	100.462469
2.124853	101.415399
2.134853	102.772053
2.144853	101.069466
2.154853	99.992131
2.164853	99.749784
2.174853	99.499499
2.184853	99.325364
2.194853	100.246626
2.204853	100.126072
2.214853	--undefined--
2.224853	--undefined--
2.234853	--undefined--
2.244853	--undefined--
2.254853	--undefined--
2.264853	--undefined--
2.274853	114.623655
2.284853	95.663793
2.294853	96.918021
2.304853	94.965898
2.314853	95.573793
2.324853	96.020386
2.334853	94.361940
2.344853	94.176653
2.354853	94.512455
2.364853	94.480287
2.374853	--undefined--
2.384853	--undefined--
2.394853	--undefined--
2.404853	100.103115
2.414853	99.295658
2.424853	98.714170
2.434853	98.876444
2.444853	98.829208
2.454853	98.161121
2.464853	98.250266
2.474853	99.196124
2.484853	97.631940
2.494853	97.245971
2.504853	96.156963
2.514853	91.892922
2.524853	88.044118
2.534853	94.307799
2.544853	94.535710
2.554853	95.626765
2.564853	95.145823
2.574853	95.090330
2.584853	94.817089
2.594853	94.221346
2.604853	94.049412
2.614853	97.528103
2.624853	96.133928
2.634853	96.367618
2.644853	96.099377
2.654853	--undefined--
2.664853	--undefined--
2.674853	--undefined--
2.684853	99.699013
2.694853	97.405010
2.704853	93.394573
2.714853	92.271594
2.724853	90.228408
2.734853	89.562796
2.744853	89.594480
2.754853	89.496095
2.764853	88.658911
2.774853	83.550198
2.784853	77.867829
2.794853	--undefined--
2.804853	--undefined--
2.814853	--undefined--
2.824853	89.560596
2.834853	88.897940
2.844853	89.899966
2.854853	--undefined--
2.864853	--undefined--
2.874853	--undefined--
2.884853	--undefined--
2.894853	--undefined--
2.904853	--undefined--
2.914853	--undefined--
2.924853	92.449942
2.934853	92.032242
2.944853	87.968959
2.954853	84.363891
2.964853	83.238968
2.974853	86.818350
2.984853	87.847124
2.994853	87.726166
3.004853	88.048532
3.014853	88.101480
3.024853	86.868691
3.034853	84.578373
3.044853	84.108312
3.054853	84.314472
3.064853	83.999294
3.074853	82.638030
3.084853	82.253674
3.094853	--undefined--
3.104853	--undefined--
3.114853	--undefined--
3.124853	82.821514
3.134853	83.188963
3.144853	83.659120
3.154853	84.631204
3.164853	85.052767
3.174853	85.056128
3.184853	83.973448
3.194853	84.154631
3.204853	85.183790
3.214853	86.054569
3.224853	--undefined--
3.234853	--undefined--
3.244853	--undefined--
3.254853	--undefined--
3.264853	--undefined--
3.274853	--undefined--
3.284853	--undefined--
3.294853	--undefined--
3.304853	--undefined--
3.314853	--undefined--
3.324853	--undefined--
3.334853	--undefined--
3.344853	--undefined--
3.354853	--undefined--
3.364853	--undefined--
3.374853	--undefined--
3.384853	--undefined--
3.394853	--undefined--
3.404853	--undefined--
3.414853	--undefined--
3.424853	--undefined--
3.434853	--undefined--
3.444853	--undefined--
3.454853	--undefined--
3.464853	--undefined--
3.474853	--undefined--
3.484853	--undefined--
3.494853	--undefined--
3.504853	--undefined--
3.514853	--undefined--
3.524853	--undefined--
3.534853	--undefined--
3.544853	--undefined--
3.554853	--undefined--
3.564853	--undefined--
3.574853	--undefined--
3.584853	--undefined--
3.594853	--undefined--
3.604853	--undefined--
3.614853	--undefined--
3.624853	--undefined--
3.634853	--undefined--
3.644853	--undefined--
3.654853	--undefined--
3.664853	--undefined--
3.674853	--undefined--
3.684853	--undefined--
3.694853	--undefined--
3.704853	--undefined--
3.714853	--undefined--
3.724853	--undefined--
3.734853	--undefined--
3.744853	--undefined--
3.754853	--undefined--
3.764853	--undefined--
3.774853	--undefined--
