Time_s	Intensity_dB
0.043853	-300.000000
0.054519	-300.000000
0.065186	-300.000000
0.075853	-300.000000
0.086519	-300.000000
0.097186	-300.000000
0.107853	-300.000000
0.118519	-300.000000
0.129186	-300.000000
0.139853	-300.000000
0.150519	-300.000000
0.161186	-300.000000
0.171853	-300.000000
0.182519	-300.000000
0.193186	-300.000000
0.203853	-300.000000
0.214519	-300.000000
0.225186	-300.000000
0.235853	-300.000000
0.246519	-300.000000
0.257186	-300.000000
0.267853	-300.000000
0.278519	-300.000000
0.289186	-300.000000
0.299853	-300.000000
0.310519	-300.000000
0.321186	-300.000000
0.331853	-71.057730
0.342519	-56.468746
0.353186	-20.533309
0.363853	-14.427942
0.374519	-6.553499
0.385186	-0.274417
0.395853	5.517007
0.406519	10.876734
0.417186	15.169865
0.427853	24.391393
0.438519	30.498130
0.449186	32.042651
0.459853	29.920647
0.470519	27.207222
0.481186	26.740839
0.491853	26.663057
0.502519	26.875410
0.513186	28.024404
0.523853	29.908744
0.534519	30.670254
0.545186	31.371867
0.555853	31.938464
0.566519	31.845888
0.577186	32.765465
0.587853	33.716953
0.598519	34.096861
0.609186	33.965813
0.619853	34.019053
0.630519	34.933059
0.641186	35.627053
0.651853	35.732087
0.662519	36.170525
0.673186	38.054854
0.683853	47.334831
0.694519	54.628241
0.705186	57.196417
0.715853	60.268847
0.726519	67.217329
0.737186	71.526633
0.747853	73.179409
0.758519	73.541278
0.769186	73.736665
0.779853	74.123550
0.790519	74.484078
0.801186	74.594600
0.811853	74.615954
0.822519	74.585611
0.833186	74.527498
0.843853	74.616825
0.854519	74.906830
0.865186	75.456521
0.875853	75.993635
0.886519	76.076083
0.897186	75.532149
0.907853	74.962365
0.918519	75.271540
0.929186	76.087256
0.939853	76.824811
0.950519	77.032686
0.961186	76.451926
0.971853	75.207041
0.982519	74.147963
0.993186	73.560431
1.003853	73.044591
1.014519	73.051104
1.025186	74.505260
1.035853	76.269002
1.046519	77.165784
1.057186	77.352941
1.067853	77.074241
1.078519	76.826244
1.089186	77.197045
1.099853	77.773649
1.110519	77.833541
1.121186	77.355864
1.131853	76.731761
1.142519	75.810298
1.153186	73.915012
1.163853	71.422875
1.174519	69.035261
1.185186	66.607053
1.195853	64.698336
1.206519	65.179986
1.217186	71.185556
1.227853	76.038516
1.238519	78.004190
1.249186	78.468509
1.259853	78.559049
1.270519	78.416134
1.281186	77.943643
1.291853	77.007704
1.302519	74.974670
1.313186	71.265053
1.323853	67.190711
1.334519	65.386783
1.345186	64.711829
1.355853	63.925522
1.366519	63.118617
1.377186	62.040095
1.387853	60.512621
1.398519	58.957266
1.409186	59.543411
1.419853	65.778243
1.430519	71.663723
1.441186	74.264941
1.451853	73.882721
1.462519	71.473083
1.473186	68.089209
1.483853	65.290470
1.494519	63.598635
1.505186	61.341291
1.515853	59.200558
1.526519	57.537422
1.537186	56.348706
1.547853	55.436503
1.558519	54.031287
1.569186	53.149809
1.579853	53.018900
1.590519	53.464396
1.601186	57.453804
1.611853	62.369013
1.622519	66.249476
1.633186	71.044612
1.643853	74.181836
1.654519	75.329489
1.665186	75.324257
1.675853	74.393089
1.686519	72.506453
1.697186	69.924642
1.707853	67.970337
1.718519	67.101315
1.729186	67.213869
1.739853	69.978112
1.750519	73.171611
1.761186	75.298558
1.771853	76.474278
1.782519	76.889153
1.793186	76.973754
1.803853	76.807651
1.814519	76.201672
1.825186	75.304790
1.835853	74.019093
1.846519	73.099431
1.857186	73.649924
1.867853	74.319305
1.878519	74.479128
1.889186	74.334756
1.899853	74.330496
1.910519	74.828463
1.921186	75.465653
1.931853	75.672013
1.942519	75.538743
1.953186	75.420748
1.963853	75.521983
1.974519	75.743958
1.985186	75.796554
1.995853	75.549469
2.006519	74.995572
2.017186	74.302577
2.027853	73.653787
2.038519	72.976720
2.049186	71.981771
2.059853	70.682537
2.070519	69.157826
2.081186	67.588257
2.091853	66.230051
2.102519	65.393858
2.113186	64.949634
2.123853	64.322463
2.134519	63.146187
2.145186	61.714645
2.155853	60.608346
2.166519	59.329304
2.177186	57.951086
2.187853	56.575701
2.198519	55.653067
2.209186	55.202558
2.219853	54.326096
2.230519	52.666309
2.241186	51.996289
2.251853	60.646218
2.262519	69.233678
2.273186	73.926420
2.283853	75.759825
2.294519	76.364679
2.305186	76.871210
2.315853	77.303601
2.326519	77.355528
2.337186	77.060304
2.347853	76.509373
2.358519	75.846769
2.369186	74.923283
2.379853	72.781523
2.390519	71.080365
2.401186	73.496483
2.411853	75.595789
2.422519	76.380562
2.433186	76.618835
2.443853	76.748678
2.454519	76.845078
2.465186	76.801511
2.475853	76.595506
2.486519	76.290984
2.497186	75.773288
2.507853	74.524515
2.518519	72.166393
2.529186	69.846561
2.539853	70.317253
2.550519	72.758055
2.561186	75.373131
2.571853	77.152814
2.582519	77.851921
2.593186	77.613006
2.603853	76.122160
2.614519	72.422520
2.625186	66.456719
2.635853	62.534143
2.646519	62.178944
2.657186	63.713391
2.667853	67.040100
2.678519	70.212738
2.689186	71.683677
2.699853	71.954361
2.710519	71.987175
2.721186	72.013396
2.731853	71.938692
2.742519	71.971907
2.753186	71.965260
2.763853	70.735105
2.774519	67.420340
2.785186	62.465153
2.795853	59.087686
2.806519	58.638971
2.817186	57.736336
2.827853	56.122013
2.838519	54.983247
2.849186	56.435069
2.859853	60.648720
2.870519	62.199087
2.881186	60.664413
2.891853	61.076497
2.902519	65.798140
2.913186	69.284562
2.923853	71.831125
2.934519	73.888884
2.945186	74.620453
2.955853	74.241575
2.966519	74.230571
2.977186	75.337845
2.987853	76.136679
2.998519	76.032072
3.009186	75.837235
3.019853	75.721532
3.030519	75.422718
3.041186	75.265087
3.051853	75.693410
3.062519	76.081509
3.073186	75.559641
3.083853	73.686172
3.094519	70.301461
3.105186	66.194372
3.115853	62.180253
3.126519	59.605093
3.137186	58.506611
3.147853	57.600716
3.158519	58.112952
3.169186	58.146169
3.179853	56.760453
3.190519	55.216724
3.201186	54.141014
3.211853	53.254448
3.222519	51.977576
3.233186	50.849141
3.243853	49.649469
3.254519	47.677205
3.265186	46.503054
3.275853	46.749470
3.286519	47.518769
3.297186	47.981242
3.307853	47.311420
3.318519	45.998104
3.329186	44.798693
3.339853	43.807052
3.350519	42.561604
3.361186	40.238509
3.371853	37.790266
3.382519	38.731460
3.393186	43.376800
3.403853	45.620903
3.414519	43.934532
3.425186	40.905116
3.435853	40.141858
3.446519	39.097211
3.457186	38.475456
3.467853	38.327826
3.478519	37.395709
3.489186	36.967962
3.499853	37.469349
3.510519	38.058846
3.521186	37.406065
3.531853	36.887317
3.542519	37.488456
3.553186	37.620592
3.563853	37.530293
3.574519	38.128441
3.585186	38.470013
3.595853	38.081904
3.606519	37.888236
3.617186	37.902357
3.627853	37.757949
3.638519	37.340596
3.649186	36.486600
3.659853	36.059583
3.670519	36.799785
3.681186	37.985923
3.691853	38.996017
3.702519	39.775808
3.713186	40.181262
3.723853	40.295280
3.734519	39.525152
3.745186	37.981286
3.755853	37.376720
