Time_s   F1_Hz   F2_Hz   F3_Hz   F4_Hz
0.026115   1461.450851   2789.383427   5437.120871   --undefined--
0.032365   1464.821550   2794.119093   5437.120695   --undefined--
0.038615   1484.364441   2825.885311   5437.122169   --undefined--
0.044865   1452.746191   2775.662958   5437.118098   --undefined--
0.051115   1477.895039   2815.055771   5437.120192   --undefined--
0.057365   1474.521830   2810.178660   5437.119062   --undefined--
0.063615   1454.263667   2777.727428   5437.116042   --undefined--
0.069865   1485.562453   2827.583079   5437.118588   --undefined--
0.076115   1461.099396   2788.835891   5437.115009   --undefined--
0.082365   1465.062661   2794.479894   5437.114447   --undefined--
0.088615   1484.202774   2825.501594   5437.115323   --undefined--
0.094865   1452.623309   2775.350956   5437.110676   --undefined--
0.101115   1478.135652   2815.362563   5437.112180   --undefined--
0.107365   1474.045822   2809.405267   5437.110217   --undefined--
0.113615   1454.330673   2777.813027   5437.106458   --undefined--
0.119865   1485.501688   2827.487953   5437.108077   --undefined--
0.126115   1460.511601   2787.907922   5437.103373   --undefined--
0.132365   1465.308866   2794.881854   5437.101753   --undefined--
0.138615   1483.683471   2824.785546   5437.101170   --undefined--
0.144865   1452.163551   2774.819710   5437.094996   --undefined--
0.151115   1478.220715   2815.744116   5437.094804   --undefined--
0.157365   1473.229470   2808.052536   5437.090609   --undefined--
0.163615   1454.423893   2777.886701   5437.084559   --undefined--
0.169865   1485.321556   2827.174360   5437.083348   --undefined--
0.176115   1459.411714   2786.279559   5437.075160   --undefined--
0.182365   1465.639269   2795.507233   5437.069762   --undefined--
0.188615   1482.844730   2823.244975   5437.064183   --undefined--
0.194865   1451.463688   2773.546270   5437.052280   --undefined--
0.201115   1478.432083   2815.988557   5437.045116   --undefined--
0.207365   1471.167582   2804.825018   5437.031760   --undefined--
0.213615   1454.172812   2777.532893   5437.014837   --undefined--
0.219865   1484.292387   2825.598410   5436.999562   --undefined--
0.226115   1456.634852   2781.814735   5436.972703   --undefined--
0.232365   1465.834638   2795.807118   5436.943457   --undefined--
0.238615   1479.123356   2817.717994   5436.904419   --undefined--
0.244865   1448.386067   2768.867910   5436.847434   --undefined--
0.251115   1476.965912   2813.499306   5436.775016   --undefined--
0.257365   1462.192693   2790.595940   5436.662522   --undefined--
0.263615   1450.337761   2771.736898   5436.492374   --undefined--
0.269865   1473.236071   2808.386096   5436.224177   --undefined--
0.276115   1435.559334   2750.967375   5435.736753   --undefined--
0.282365   1449.227320   2771.401132   5434.808699   --undefined--
0.288615   1425.464310   2740.838256   5432.868343   --undefined--
0.294865   1421.070030   2747.081734   5429.305982   --undefined--
0.301115   1438.230929   2798.156340   5428.927634   --undefined--
0.307365   1435.410309   2754.449434   5432.675125   --undefined--
0.313615   1424.063138   2735.944177   5434.699177   --undefined--
0.319865   1459.548921   2786.507188   5435.666367   --undefined--
0.326115   1457.410964   2783.871459   5436.166905   --undefined--
0.332365   1447.904789   2768.460305   5436.441017   --undefined--
0.338615   1478.629173   2816.850386   5436.604833   --undefined--
0.344865   1259.074618   2524.562698   5439.158880   --undefined--
0.351115   780.934190   2278.647981   3101.517216   --undefined--
0.357365   812.157842   2368.110084   3662.421204   --undefined--
0.363615   814.725506   2080.193564   2918.670456   4092.479253
0.369865   898.300127   1978.008286   3025.072482   4140.863773
0.376115   891.066491   1907.931601   2945.551420   4182.781634
0.382365   1575.577656   2684.883745   4248.379384   --undefined--
0.388615   1527.004812   2751.711218   4214.441259   --undefined--
0.394865   1432.178882   2710.722732   4092.048753   --undefined--
0.401115   1169.048105   2517.455760   3933.447919   5244.934509
0.407365   1355.023666   2431.187745   3721.714979   4855.267475
0.413615   1199.075469   2473.881391   3388.393965   4683.668840
0.419865   804.627022   1615.815417   2546.560199   4208.854989
0.426115   699.695768   2077.470847   2469.894054   4176.756962
0.432365   787.377018   1939.422091   3097.425881   4134.313632
0.438615   1577.152626   2671.314027   3949.892689   --undefined--
0.444865   1437.081164   2562.270321   3947.560832   4407.958975
0.451115   1269.240983   2453.910415   3543.793307   4452.538712
0.457365   1500.141669   2687.448938   4135.379860   4560.150671
0.463615   1487.808101   2688.789225   3991.645607   --undefined--
0.469865   1410.937292   2535.433530   3837.382154   --undefined--
0.476115   646.885574   1787.555710   2559.712073   4090.175766
0.482365   630.796232   1810.622829   2904.667603   4217.436018
0.488615   715.156847   1727.472648   2751.743098   3977.501924
0.494865   836.296230   2357.845391   3616.588047   4588.911722
0.501115   1174.417392   2521.329670   3418.212185   4726.504492
0.507365   1192.143444   2416.251351   3475.713558   4802.729718
0.513615   1187.476096   2375.592664   3539.386569   4716.049970
0.519865   1268.659328   2394.188223   3372.420261   4500.039997
0.526115   1450.903866   2479.211097   4185.521516   --undefined--
0.532365   1428.153894   2575.910330   3934.553308   5080.687280
0.538615   1455.944381   2738.284563   4087.508729   5170.134160
0.544865   1461.373082   2737.749878   4198.740717   5218.805639
0.551115   408.933377   1561.218217   2780.827411   4152.788747
0.557365   479.288852   1658.610021   2886.424092   4161.921261
0.563615   534.412940   1641.549140   2931.348609   4293.521568
0.569865   898.973685   1758.394301   2537.879046   4381.333185
0.576115   897.070597   1570.357832   2517.785757   4038.518265
0.582365   870.185139   1954.755020   2449.579780   3855.157270
0.588615   1081.881549   2542.595728   3387.291068   4361.245405
0.594865   1049.153185   2578.668954   3017.407030   4323.706109
0.601115   1050.514838   2453.494777   3105.390437   4234.621264
0.607365   993.375347   2672.914500   3506.300615   4329.383212
0.613615   657.173539   1867.597391   2752.490812   4271.492799
0.619865   582.540941   2023.887817   2549.770238   4176.600706
0.626115   981.029637   2388.201973   3771.820584   4862.411629
0.632365   875.021945   2387.232753   3287.272409   4728.545135
0.638615   1383.008047   2383.687886   2964.415762   4737.225297
0.644865   523.081856   1704.262773   2984.275363   3705.470415
0.651115   578.730879   1794.646971   3123.542460   3978.074538
0.657365   628.071372   1970.864176   3281.692768   4431.198708
0.663615   1154.276867   2081.756493   3688.310559   4487.153348
0.669865   1420.795421   2272.237004   3780.423182   --undefined--
0.676115   1502.267660   2829.294856   2921.685000   4196.994659
0.682365   392.313325   1623.734928   2855.200008   4105.595024
0.688615   417.699064   1674.453525   2953.854750   4381.879308
0.694865   1532.400726   1930.890175   2932.582205   4267.842368
0.701115   1397.494579   2141.806558   2725.737727   4204.180777
0.707365   1109.822953   2130.155872   3059.044618   4250.894988
0.713615   1137.620212   1929.646652   2293.320853   3630.890854
0.719865   1126.161082   1798.076244   2347.875823   3653.213176
0.726115   647.612247   1310.037910   2600.581468   3858.243544
0.732365   533.338061   1270.201250   2653.783564   4029.676334
0.738615   645.570413   1391.214289   2688.490225   4094.713308
0.744865   548.211312   1482.880017   2759.527640   4202.090809
0.751115   458.815072   1622.859331   2868.662647   4375.390690
0.757365   1087.905395   1856.812731   3130.632033   4451.839787
0.763615   87.903838   1260.218530   2571.059507   3741.985178
0.769865   459.137656   1688.761579   2641.609417   4063.124522
0.776115   114.976448   1773.118867   2810.500774   4224.297263
0.782365   227.771227   1737.928683   2871.039441   4246.783992
0.788615   532.058886   1827.207692   2779.621606   4253.068805
0.794865   484.200447   1664.616660   2709.171678   4239.847220
0.801115   405.635935   1523.139582   2621.267879   4061.105732
0.807365   1354.853783   2512.875948   2917.053771   4026.510920
0.813615   996.090391   2159.064458   2909.826696   4283.161292
0.819865   1065.844819   2009.047617   2910.764672   4457.369466
0.826115   1100.699323   2016.246771   2983.670374   4384.736761
0.832365   1198.255608   2086.353377   2727.989407   4240.215163
0.838615   544.918947   1438.599228   2582.345945   4142.981552
0.844865   313.230730   1613.862139   2586.625352   3810.683682
0.851115   415.083435   1632.660434   2815.407488   3619.454466
0.857365   534.922888   1520.974814   2572.882043   3370.245001
0.863615   1093.269321   2193.340920   2834.075643   4258.316462
0.869865   1145.476538   1908.720115   2781.510001   4230.994460
0.876115   1080.025849   1613.871221   2573.322188   4166.875635
0.882365   961.961070   2358.189100   2830.467618   4165.514688
0.888615   943.312290   2236.903384   2916.130895   4109.923356
0.894865   1087.134192   2238.818812   3061.518727   4197.628210
0.901115   1166.742494   2214.762791   2940.701090   4385.499230
0.907365   968.211385   1384.844303   2828.397141   4462.031563
0.913615   595.250511   1429.488359   2478.002480   3748.059272
0.919865   421.303630   1459.825919   2605.374338   3730.667883
0.926115   1401.759089   2786.457836   3762.778686   5369.581507
0.932365   1285.832425   2619.543270   3417.443726   --undefined--
0.938615   275.580241   2233.162009   2839.250620   3697.042335
0.944865   297.382050   2265.964851   2935.642299   3818.855373
0.951115   298.116180   2244.035214   2934.647225   3804.202826
0.957365   284.622818   2250.403731   2993.541724   3623.106775
0.963615   296.680932   2184.719405   2944.509538   3567.734229
0.969865   291.574276   2184.814987   2916.411626   3493.156854
0.976115   283.708075   2361.103799   3256.878567   5208.284625
0.982365   302.596206   2281.759881   3216.952511   5228.066106
0.988615   295.819713   2252.543812   2651.714694   3212.200806
0.994865   281.851302   2172.990067   2980.705693   3013.895761
1.001115   278.160907   2192.478468   3009.151710   3220.893790
1.007365   278.245321   2197.028148   3034.606444   3553.508146
1.013615   294.637954   2191.554202   3111.917367   3262.754405
1.019865   290.629968   2170.175236   2772.382594   3388.207513
1.026115   307.490821   2129.534014   2739.365459   3379.929038
1.032365   309.802459   2101.710200   2708.641226   3271.650881
1.038615   293.804018   2039.242888   2740.912864   3342.110219
1.044865   302.389586   1997.543565   2570.927974   3329.008335
1.051115   306.518902   1986.966279   2493.027437   3338.188373
1.057365   315.443321   1971.273363   2511.379753   3372.817238
1.063615   290.288932   2006.347577   2595.019331   3424.028224
1.069865   293.625907   1993.857186   2650.568252   3354.736519
1.076115   294.600831   1872.508484   2529.695411   3242.575751
1.082365   284.434857   1852.770243   2577.737126   3241.546020
1.088615   299.238709   1915.555762   2742.845808   3130.374225
1.094865   304.422742   2027.450016   2961.963011   3818.292877
1.101115   305.784311   1797.060305   2655.204027   3737.697066
1.107365   306.876900   1833.273828   2753.201345   3799.848391
1.113615   296.994527   1921.042019   2763.174806   3276.785620
1.119865   279.540825   1820.521954   2612.039668   3350.732012
1.126115   278.987750   1765.980818   2575.766809   3518.650338
1.132365   283.081135   1856.850798   2547.813658   3685.911614
1.138615   301.724193   1433.220160   2497.611820   3697.342535
1.144865   300.052242   1513.793094   2565.108514   3761.559637
1.151115   335.303069   1969.687291   2478.536852   3724.521162
1.157365   341.996012   1969.922965   3678.039801   4609.961257
1.163615   350.795505   1949.646178   3749.086105   4467.181205
1.169865   291.912968   2035.243963   3790.902849   4542.779728
1.176115   912.537124   2205.162574   3725.497384   4740.359060
1.182365   1445.403955   2598.584440   3645.121550   4637.279259
1.188615   1835.382748   3638.875170   4354.883876   --undefined--
1.194865   1823.454304   3702.926556   4243.086262   4919.429873
1.201115   1729.783716   2464.227417   3716.332924   4569.052150
1.207365   1816.037398   1816.901034   3679.864832   4433.478097
1.213615   1228.013238   1909.537865   3544.028718   4329.403148
1.219865   2178.346487   3527.201327   4869.704704   --undefined--
1.226115   623.364862   1939.324270   2356.030122   3572.188946
1.232365   507.900262   1469.609212   2672.065425   3688.933057
1.238615   469.548212   1494.974243   2764.995851   3828.843936
1.244865   472.882217   1467.719137   2675.222515   3892.796174
1.251115   470.605591   1433.181583   2654.941435   4058.104768
1.257365   470.381837   1415.411353   2725.873016   3971.209731
1.263615   448.367930   1391.661315   2776.910058   3457.811959
1.269865   430.376865   1392.930265   2696.288050   3486.532073
1.276115   403.626249   1384.408519   2610.368091   3559.608923
1.282365   404.628317   1390.712621   2547.781690   3542.414349
1.288615   345.008358   1403.248602   2523.400240   3675.343349
1.294865   344.397984   1389.593428   2552.935658   3893.400638
1.301115   381.131792   1373.872212   2553.873523   3935.788243
1.307365   436.427521   1463.074881   2563.083885   3850.485374
1.313615   401.827602   1517.219914   2607.909142   3751.630761
1.319865   345.294375   1476.899257   2596.742228   3825.003930
1.326115   313.555939   1470.922244   2510.853057   3858.547455
1.332365   324.434241   1497.597104   2468.374532   3813.266805
1.338615   343.615909   1631.448263   2466.935626   3770.571016
1.344865   364.974922   1808.437226   2475.389915   3818.593412
1.351115   371.562853   1936.284505   2478.888129   4234.727739
1.357365   366.090958   1548.697859   2478.536041   3649.326572
1.363615   372.497505   1491.489998   2424.329017   3626.992125
1.369865   373.847823   1434.407382   2377.794857   3673.440879
1.376115   386.228212   1418.510244   2351.939481   3565.223592
1.382365   386.549565   1406.052233   2338.418114   3394.815068
1.388615   423.489865   2075.960084   3157.680084   5151.622865
1.394865   418.036492   2077.072137   3111.232748   5028.284861
1.401115   383.995905   2155.603251   2875.601970   4938.322850
1.407365   367.097451   2165.893476   2703.227911   5000.375929
1.413615   387.876681   2161.733008   2979.350113   4999.605357
1.419865   388.517940   2162.869188   3100.231760   4950.582129
1.426115   350.773935   2175.194325   3250.380878   4966.609439
1.432365   275.620154   1424.431284   2270.708750   4984.727573
1.438615   273.657802   2133.085658   2593.583439   4921.051902
1.444865   294.120288   2138.302277   3212.704705   5006.030172
1.451115   262.878970   2131.550954   3090.507180   5031.845786
1.457365   273.208526   2165.806146   3229.304893   5015.103789
1.463615   288.838351   2165.910125   3608.586077   4989.363375
1.469865   277.517144   1353.038590   2376.977493   3875.519029
1.476115   297.723265   1496.899032   2327.428981   3713.483565
1.482365   329.121812   2282.209604   2862.978967   4897.172527
1.488615   323.230338   2361.552743   3050.344943   4869.042867
1.494865   304.733793   2289.537567   2988.737234   4801.198166
1.501115   314.405124   2243.676678   2890.217057   4839.815570
1.507365   315.040852   2249.436811   2997.349150   4794.042551
1.513615   305.131404   2267.115912   2843.289671   4827.184418
1.519865   296.042123   2048.072344   2757.492658   4631.224062
1.526115   251.916599   1962.824237   2757.401903   4064.780167
1.532365   237.747563   1995.383110   3012.023814   4545.237484
1.538615   245.051445   2065.214974   2400.169334   3854.966217
1.544865   250.601911   2093.263865   3145.666893   5142.264968
1.551115   232.049031   1989.893010   3134.308670   4987.138939
1.557365   233.392513   2130.342061   3161.116443   4830.258562
1.563615   231.016484   1862.962762   2416.966553   4069.379246
1.569865   1668.011187   2498.142709   3986.774894   --undefined--
1.576115   1597.518073   2466.728289   3975.728136   --undefined--
1.582365   1579.929844   2560.553432   3948.662384   5325.182713
1.588615   445.979004   1533.649620   2672.897551   4003.952217
1.594865   434.138336   1530.164087   2708.320665   4864.275549
1.601115   543.195390   1481.637048   2710.174626   4877.310742
1.607365   583.030926   1454.471744   2622.111240   4940.112304
1.613615   627.175917   1474.093612   2650.957423   4843.963878
1.619865   691.587018   1507.595740   2630.987627   4722.072095
1.626115   704.553906   1487.578573   2686.734980   4731.230302
1.632365   696.141549   1473.045966   2768.985399   4782.546736
1.638615   736.196031   1425.626918   2754.379813   4715.735015
1.644865   732.760100   1396.257138   2741.280053   4736.520452
1.651115   728.735463   1334.251466   2679.930081   4791.546778
1.657365   815.131231   1328.677248   2747.477151   4714.335394
1.663615   837.919797   1339.552345   2739.131835   4741.128877
1.669865   877.487972   1371.238355   2727.021649   4652.116425
1.676115   876.980736   1372.696938   2732.738546   4638.117772
1.682365   803.598855   1377.564474   2685.098809   4652.184435
1.688615   718.200585   1381.619333   2691.032925   4646.589068
1.694865   687.349276   1401.507825   2745.178135   4698.886141
1.701115   677.807596   1330.719479   2741.471985   4714.780841
1.707365   653.402044   1347.670911   2819.665306   4671.524880
1.713615   1145.643270   1378.590200   2766.337807   4690.386078
1.719865   659.940552   1412.156291   2763.358427   4683.936724
1.726115   279.055853   1440.443809   2732.670081   4686.062793
1.732365   92.503467   1378.702972   2795.019676   4617.178998
1.738615   211.057321   1306.509617   2863.116981   4674.119015
1.744865   621.445303   1396.247348   2828.352558   4645.665884
1.751115   785.891749   1433.954243   2839.574000   4625.893659
1.757365   829.980820   1486.171866   2985.202098   4645.281032
1.763615   844.620697   1559.202768   2983.069260   4811.572853
1.769865   678.119949   1311.126101   2736.614980   4867.146342
1.776115   289.182451   1374.295686   2649.056297   4639.793354
1.782365   293.929118   1204.716183   2656.420667   4450.489655
1.788615   350.405659   1111.229397   2739.159667   4440.422854
1.794865   924.696956   1323.303610   2822.420139   4533.591532
1.801115   923.332825   1653.348226   2743.870982   4521.451496
1.807365   909.014127   2124.809224   2685.655316   4485.459847
1.813615   1007.190572   1599.462948   2725.146091   4382.511107
1.819865   914.767947   1502.727666   3071.661664   4585.242638
1.826115   1094.779899   1333.141830   2787.255323   4463.432677
1.832365   978.468080   1761.598491   2568.560698   4420.127568
1.838615   949.701048   1297.157248   2825.607503   4579.423373
1.844865   1227.369105   2537.020452   3435.430421   5165.406407
1.851115   951.618325   2320.073389   3656.941390   --undefined--
1.857365   1022.319957   2445.699967   3580.603279   --undefined--
1.863615   1158.240114   2785.386401   4046.631515   5272.310718
1.869865   857.741886   2364.419157   3552.605140   5208.630374
1.876115   810.360047   2321.716883   3549.400266   4109.437362
1.882365   964.060121   2682.271152   3531.762647   --undefined--
1.888615   955.894497   1955.743009   2732.038545   4550.093800
1.894865   884.837190   2016.242067   3027.277056   4411.949660
1.901115   924.204522   2120.164653   3166.238674   4539.641987
1.907365   1081.516914   2419.974934   3113.786121   4571.036667
1.913615   1247.094871   2291.254356   3574.330080   5000.254390
1.919865   1276.404222   2405.411802   3620.738070   5027.007225
1.926115   1282.484197   2629.487816   3848.035743   5165.515394
1.932365   111.308343   1427.497715   2630.186346   3953.407139
1.938615   1400.558606   2719.763719   4070.173522   --undefined--
1.944865   162.563293   1447.021278   2738.094605   3990.709806
1.951115   97.353276   1441.733070   2612.776621   4045.949520
1.957365   1385.267084   2521.510524   4090.547270   4990.573440
1.963615   1237.862271   2583.568946   3921.920208   --undefined--
1.969865   1227.461023   2624.030514   3814.854669   --undefined--
1.976115   93.070679   1332.157206   2546.289698   3749.426336
1.982365   1329.755070   2540.578421   3597.495769   5244.756655
1.988615   1469.372865   2816.551149   3480.477320   --undefined--
1.994865   1176.383221   2448.378194   3244.851519   --undefined--
2.001115   1204.880752   2464.188370   3202.969376   4212.515954
2.007365   1196.622230   2862.698674   3435.477320   --undefined--
2.013615   397.881819   911.570673   2861.666659   3521.514052
2.019865   420.280535   2011.443515   2919.933780   3594.080052
2.026115   421.148493   1459.853432   2737.687114   3726.635499
2.032365   1313.267431   2671.751231   3694.146565   5272.004340
2.038615   1285.439539   2651.313198   3880.689804   5147.100945
2.044865   475.053027   1498.013645   2675.508163   3853.090842
2.051115   334.363066   922.284796   2592.609029   3740.537630
2.057365   500.336305   2460.379085   3117.663995   3969.459644
2.063615   577.239514   2646.835498   3445.582195   3470.068322
2.069865   558.121068   1613.427278   2783.318834   3743.778413
2.076115   511.569114   1592.811435   2749.305439   3754.879746
2.082365   405.386946   1531.185132   2571.394233   3733.204978
2.088615   132.798890   1491.624377   2594.386807   3739.827027
2.094865   362.620514   1498.106924   2798.779200   3954.572926
2.101115   273.174189   1305.632895   2809.929930   3858.042712
2.107365   907.014361   2257.057797   3013.769789   4200.823670
2.113615   629.170566   1992.204932   2837.040552   4307.716135
2.119865   592.459459   1923.353724   2894.430221   4179.207542
2.126115   590.494437   2114.273547   2845.402410   4136.485022
2.132365   385.503870   1817.078192   2750.466140   4070.775705
2.138615   420.231825   1699.459259   2903.226603   4095.577844
2.144865   475.631765   1725.798883   2858.078095   4099.909450
2.151115   680.084966   1757.745906   2720.473267   4134.549670
2.157365   641.264193   1084.020557   2603.537035   3790.318231
2.163615   1034.405490   2498.207460   3513.057887   4288.416394
2.169865   1175.367336   2233.275674   3094.371785   4384.851555
2.176115   1405.725340   2610.152061   3962.662923   --undefined--
2.182365   499.811793   1629.824444   2523.877697   4035.792566
2.188615   469.381736   1730.288518   2585.118976   4009.467075
2.194865   619.830787   1501.392022   2648.122363   4005.008382
2.201115   337.665632   1486.907653   2567.428087   3896.425917
2.207365   1376.122715   2497.560688   4026.986868   --undefined--
2.213615   1015.474582   2092.624195   2548.658703   4047.211791
2.219865   501.447229   1216.871310   2649.247122   3927.075713
2.226115   890.138908   2246.539178   2846.142773   4026.205215
2.232365   936.962713   2012.978564   3026.554232   4089.969793
