Time_s   F1_Hz   F2_Hz   F3_Hz   F4_Hz
0.026932   1462.726495   2791.504399   5437.134605   --undefined--
0.033182   1463.773081   2792.514332   5437.134636   --undefined--
0.039432   1485.142071   2827.027050   5437.136957   --undefined--
0.045682   1453.391205   2776.638526   5437.133522   --undefined--
0.051932   1476.940444   2813.485250   5437.136064   --undefined--
0.058182   1476.053775   2812.621597   5437.136035   --undefined--
0.064432   1453.798473   2777.103647   5437.133546   --undefined--
0.070682   1485.294030   2827.316608   5437.136985   --undefined--
0.076932   1462.691966   2791.428918   5437.134625   --undefined--
0.083182   1463.788392   2792.491088   5437.134667   --undefined--
0.089432   1485.047925   2826.975706   5437.136976   --undefined--
0.095682   1453.351256   2776.617381   5437.133538   --undefined--
0.101932   1476.982780   2813.540416   5437.136086   --undefined--
0.108182   1475.996419   2812.564368   5437.136043   --undefined--
0.114432   1453.815593   2777.088179   5437.133560   --undefined--
0.120682   1485.399789   2827.308447   5437.136997   --undefined--
0.126932   1462.700103   2791.406915   5437.134626   --undefined--
0.133182   1463.824819   2792.545388   5437.134677   --undefined--
0.139432   1485.089967   2826.978416   5437.136976   --undefined--
0.145682   1453.359888   2776.629377   5437.133536   --undefined--
0.151932   1476.976022   2813.588862   5437.136090   --undefined--
0.158182   1476.028722   2812.586638   5437.136034   --undefined--
0.164432   1453.864514   2777.152851   5437.133557   --undefined--
0.170682   1485.397270   2827.344961   5437.136991   --undefined--
0.176932   1462.662868   2791.387121   5437.134611   --undefined--
0.183182   1463.829015   2792.590767   5437.134674   --undefined--
0.189432   1485.100546   2826.998267   5437.136963   --undefined--
0.195682   1453.362371   2776.622569   5437.133523   --undefined--
0.201932   1476.995024   2813.604548   5437.136085   --undefined--
0.208182   1475.966112   2812.529567   5437.136018   --undefined--
0.214432   1453.859125   2777.152246   5437.133550   --undefined--
0.220682   1485.425913   2827.358754   5437.136987   --undefined--
0.226932   1462.606635   2791.365044   5437.134602   --undefined--
0.233182   1463.814908   2792.625303   5437.134681   --undefined--
0.239432   1485.113755   2826.945769   5437.136969   --undefined--
0.245682   1453.354820   2776.593738   5437.133537   --undefined--
0.251932   1477.010847   2813.652023   5437.136119   --undefined--
0.258182   1475.962077   2812.538186   5437.136056   --undefined--
0.264432   1453.866859   2777.187563   5437.133616   --undefined--
0.270682   1485.412566   2827.367646   5437.137075   --undefined--
0.276932   1462.660615   2791.337467   5437.134714   --undefined--
0.283182   1463.889930   2792.673442   5437.134845   --undefined--
0.289432   1484.990992   2826.966856   5437.137176   --undefined--
0.295682   1453.301456   2776.634986   5437.133809   --undefined--
0.301932   1477.026404   2813.725698   5437.136483   --undefined--
0.308182   1476.003413   2812.511777   5437.136519   --undefined--
0.314432   1453.913688   2777.199592   5437.134230   --undefined--
0.320682   1485.426800   2827.389190   5437.137875   --undefined--
0.326932   1462.657487   2791.353024   5437.135758   --undefined--
0.333182   1463.932248   2792.739169   5437.136240   --undefined--
0.339432   1485.082847   2827.013503   5437.139034   --undefined--
0.345682   1259.710955   2036.270685   5438.326563   --undefined--
0.351932   962.518122   1952.267090   3364.195767   --undefined--
0.358182   1065.656195   2215.505227   3672.155493   --undefined--
0.364432   755.802751   2098.738061   2893.821621   4070.195612
0.370682   701.893927   2077.536500   2902.896414   4059.438462
0.376932   738.575150   2074.281355   2959.266494   4218.693931
0.383182   837.596706   2187.084389   3607.898190   4265.887471
0.389432   853.958871   2112.027095   3529.667457   4243.218437
0.395682   993.690087   2013.993292   3467.192241   4215.162268
0.401932   1260.934896   2745.294194   3498.504185   4251.608150
0.408182   1287.680632   3018.413549   3273.835471   4200.532891
0.414432   1341.063247   1533.316869   3185.531282   4098.614751
0.420682   1103.721510   1558.477807   3135.934157   3927.876112
0.426932   1118.272341   1628.943022   3257.824014   3920.588132
0.433182   1132.519754   1675.327658   3157.776854   4091.286583
0.439432   1260.670786   1627.042046   3094.376020   4096.037606
0.445682   1411.940743   1683.586790   3112.125773   4078.843869
0.451932   1341.859952   1792.657712   3037.209758   4045.165079
0.458182   1150.327740   1807.338984   3040.344218   4007.975418
0.464432   1263.177530   1687.812076   2936.987334   3982.375696
0.470682   1448.953877   1748.615193   2987.465527   3907.508895
0.476932   1268.855832   1731.237598   3047.783902   3917.457882
0.483182   1302.024699   1439.895362   2926.416998   4026.389299
0.489432   1256.778777   1607.230001   2870.662239   3995.267053
0.495682   1213.186375   1740.919547   2962.686940   4120.309917
0.501932   1223.817486   1786.421374   3004.867889   4149.834372
0.508182   1273.677591   1668.389768   3034.651174   4232.240265
0.514432   1414.762461   2502.647379   3310.022418   4278.788440
0.520682   1341.902941   2443.657051   3772.247746   4163.684082
0.526932   1357.611545   2470.248522   3367.134975   4175.829249
0.533182   1464.811432   1496.999233   2928.662219   4175.673921
0.539432   1361.417369   1515.207746   2809.638545   4160.381636
0.545682   937.428352   1545.331314   2668.667774   4105.302311
0.551932   1374.635735   2643.098477   3423.421385   4385.476822
0.558182   1280.506174   2593.749967   3205.549207   4357.569238
0.564432   1049.466486   1430.360111   3095.666520   4124.313203
0.570682   1315.907602   1584.515651   3158.593673   4276.992936
0.576932   1531.475820   3034.389014   3100.626587   4292.014814
0.583182   1567.525720   2836.241505   3450.122986   4183.505338
0.589432   592.872003   1608.096520   2799.419310   4073.706458
0.595682   1122.820215   1525.175910   2729.610221   4104.429057
0.601932   1251.857449   1664.326811   3199.436787   4275.725657
0.608182   1460.107130   1468.984434   3159.080182   4296.830501
0.614432   1354.624475   2148.840482   3234.065039   4308.223944
0.620682   1063.831274   1911.361064   3409.240460   4106.803819
0.626932   1146.903050   2405.554634   3667.982637   4210.093913
0.633182   1200.346094   2246.069360   3683.043108   4289.778968
0.639432   1135.573023   1529.792781   3065.937521   4268.963171
0.645682   925.867407   1450.165861   3020.127244   4189.266685
0.651932   1048.229840   1432.159452   3007.254085   4228.007058
0.658182   1052.952876   1377.164275   2963.816009   4034.709903
0.664432   1066.463318   1489.624056   2905.660125   3762.615153
0.670682   1097.375204   1552.194174   2441.319668   3572.256187
0.676932   1083.339835   1553.095725   2768.007883   3600.083005
0.683182   935.167513   1542.439825   3364.408157   4131.757551
0.689432   915.883620   1499.984207   3165.027840   4170.063422
0.695682   1127.676162   1527.905924   3126.328726   4157.786719
0.701932   1215.111742   1860.897631   3085.537280   4138.756174
0.708182   1225.403182   2103.105129   3179.781771   4121.047766
0.714432   1268.568046   1911.553211   3305.050123   4438.193295
0.720682   981.702681   1795.022452   2907.961000   3753.038359
0.726932   1253.548182   1693.990516   2791.991204   3870.475344
0.733182   1134.040785   1456.471338   2894.418185   4141.835419
0.739432   1092.382346   1956.312658   2895.085499   4001.911120
0.745682   1055.755910   2476.429149   3740.804181   4924.977859
0.751932   1033.698141   1953.887645   2491.082321   3883.518649
0.758182   1112.913568   1471.720025   2799.563308   4102.639514
0.764432   853.704945   1876.578735   2948.264399   4026.395426
0.770682   903.957607   1929.441198   2933.714356   4068.332085
0.776932   854.424578   1927.057344   2972.457956   3893.234733
0.783182   732.242229   1900.043168   3021.166914   3924.028302
0.789432   853.581737   1825.517106   3047.681159   4193.680661
0.795682   1267.517130   1417.908672   2878.827929   3821.448383
0.801932   1244.843868   1381.193633   2860.422251   3911.941410
0.808182   936.940471   1963.079258   2965.212553   4085.392233
0.814432   886.199693   1948.054290   2978.639201   4393.790928
0.820682   875.720794   1905.021771   2920.077772   4124.913351
0.826932   932.392463   1785.086220   2963.934499   3934.998211
0.833182   974.882563   1770.372029   3145.833702   4376.466943
0.839432   993.140064   2081.593444   3188.599262   4682.624036
0.845682   1106.884154   2692.218404   3324.858426   5036.527442
0.851932   1055.138346   1317.053184   2889.047340   3812.860133
0.858182   1019.504132   1641.663399   2792.063570   3764.905105
0.864432   1016.174658   1766.293340   2990.660653   3838.744418
0.870682   1084.473753   2605.008311   3285.864323   4739.147966
0.876932   1074.542865   2549.444473   3268.066800   4710.831230
0.883182   1058.782811   2572.496216   3078.164055   4592.694355
0.889432   1124.612866   2340.753635   3047.202492   4501.114550
0.895682   1116.342159   2143.350361   3467.918853   4755.071679
0.901932   965.188206   2049.462764   3525.271851   4819.322425
0.908182   863.754494   2005.289192   3543.864942   4839.262594
0.914432   898.269920   2035.627559   3555.524983   4810.363201
0.920682   947.863506   2142.636122   3422.612146   4733.104635
0.926932   871.786671   1947.006901   3042.989116   3733.883409
0.933182   881.699900   1819.731473   2986.190076   3856.657425
0.939432   920.546139   1813.526942   3119.523549   4100.662698
0.945682   1030.161075   2074.373877   3194.387531   4550.517566
0.951932   1047.534135   2112.117876   3054.279668   4047.202430
0.958182   955.666565   1908.064326   2775.895408   3729.269317
0.964432   950.562806   1689.127625   2819.900036   3779.170800
0.970682   864.993927   2186.350432   2738.474758   3850.541792
0.976932   823.383873   2009.742592   3240.242183   3820.211958
0.983182   828.955472   1934.206335   3191.432219   4075.621803
0.989432   815.517761   1927.731449   3087.138361   4118.108660
0.995682   925.244294   2059.643969   2934.060238   3895.263693
1.001932   1031.551081   2106.886114   3108.214195   3605.715793
1.008182   1047.737108   1890.755561   2697.644722   3988.319219
1.014432   1162.632631   2099.987643   2912.937382   4068.273809
1.020682   1225.432403   2260.053415   3120.446716   4098.885006
1.026932   954.388051   2148.491588   3060.721740   4177.132253
1.033182   896.218134   2033.100094   3018.955579   4205.139424
1.039432   790.769067   2011.351680   3077.905164   4232.757962
1.045682   775.709059   2176.194297   2809.963083   3987.147464
1.051932   602.522017   2205.461531   2846.345251   4087.202143
1.058182   561.169282   2238.449889   2848.250184   4030.750206
1.064432   1707.215477   1828.741879   3206.320210   4496.731317
1.070682   1620.259191   1986.008777   3203.530465   4520.269587
1.076932   1023.963469   1891.965426   3040.227483   4329.657636
1.083182   1146.730779   1819.042398   2981.243320   4389.826114
1.089432   1021.296743   1911.534857   2951.155328   4412.049380
1.095682   897.190467   1999.462053   2971.764647   4337.496599
1.101932   1114.289584   2219.079280   3064.732593   4319.970771
1.108182   1243.252411   2035.565643   2975.194753   4243.772046
1.114432   1284.323157   1782.723317   2911.731955   4254.605761
1.120682   1138.099584   2797.132603   3158.831850   4351.993176
1.126932   1058.840040   2230.403945   3065.466612   4430.794438
1.133182   1109.601979   3069.348440   4465.933476   --undefined--
1.139432   1113.912033   1651.867597   3269.132282   4474.785675
1.145682   1061.462099   2171.155331   3818.322692   4531.020251
1.151932   833.674969   1847.830096   3094.804432   4506.052673
1.158182   831.146412   1763.647777   3126.991173   4620.222668
1.164432   850.689962   1749.842362   3150.473765   4658.384124
1.170682   923.407536   1869.127276   3241.064418   4898.727375
1.176932   982.860237   1977.224586   3289.323720   4915.682900
1.183182   970.767947   1901.536634   3278.035157   4768.670861
1.189432   1067.375088   2090.429770   3259.822841   4972.266106
1.195682   1080.351042   1318.957716   2758.346449   3691.972125
1.201932   1061.874108   1618.450502   2669.930693   3651.161159
1.208182   1083.627413   1322.388712   2659.354759   3639.916265
1.214432   1065.644455   1668.554829   2639.474805   3638.316916
1.220682   1004.989888   1914.368925   3006.004532   3529.230020
1.226932   972.549645   1765.680493   2973.641754   3686.655280
1.233182   854.082341   1893.692945   2960.019075   3827.044175
1.239432   715.974593   1954.221219   3061.371733   3884.210771
1.245682   736.264415   2065.476825   3228.329439   4578.229465
1.251932   781.149728   2129.804461   3232.387931   4673.386314
1.258182   972.527087   2238.389533   3250.478966   4535.510577
1.264432   1031.813689   2207.018934   3255.618079   4404.659906
1.270682   783.633792   2128.847449   3194.501292   4423.792069
1.276932   573.327554   2093.607321   3164.045186   4413.190556
1.283182   446.003375   2101.714275   3195.972817   4422.155299
1.289432   440.871560   2162.905426   3206.057228   4415.278158
1.295682   432.194228   2087.131460   3186.834279   4455.505367
1.301932   380.230282   2094.468159   3190.835578   4188.760149
1.308182   361.701155   2141.096878   3077.349706   3902.377560
1.314432   356.683688   2143.040182   3053.450716   3672.446521
1.320682   354.635790   2171.770891   3037.782263   3705.005461
1.326932   363.939952   2191.754372   3010.945026   3783.185809
1.333182   357.450627   2178.843779   3011.400999   3844.258865
1.339432   365.264323   2160.388831   3030.656554   3927.010274
1.345682   372.039339   2168.080656   3038.804008   3928.164187
1.351932   363.162199   2154.448730   2995.355278   3632.025852
1.358182   363.986779   2136.524879   2954.658055   3456.600926
1.364432   379.363514   2177.569813   2980.177438   3565.002553
1.370682   387.427384   2156.747501   2930.018787   3621.933513
1.376932   380.630729   2124.102967   2914.442027   3604.213449
1.383182   386.605101   2094.306569   2902.181868   3642.771617
1.389432   396.064124   2013.954053   2858.997112   3590.899089
1.395682   401.006395   1979.033925   2796.242968   3519.545028
1.401932   404.919116   1941.813947   2726.835497   3498.115015
1.408182   400.455642   1912.424289   2724.015582   3483.092432
1.414432   396.257429   1867.467538   2714.823854   3479.541809
1.420682   391.901224   1814.905167   2723.041053   3475.349277
1.426932   391.613180   1772.153613   2703.385911   3514.639587
1.433182   385.627140   1733.884772   2688.372351   3534.902836
1.439432   365.630307   1708.080212   2691.070185   3596.054997
1.445682   361.031392   1704.102565   2722.306004   3749.382874
1.451932   350.581879   1674.661493   2696.585592   4148.259751
1.458182   332.672427   1655.167610   2831.317801   4026.992225
1.464432   320.205178   1636.207886   2929.632464   3977.505751
1.470682   352.083970   1612.025506   3211.854119   3883.356421
1.476932   374.180013   1629.330935   3750.755379   3855.298688
1.483182   391.052646   1631.055994   3575.141739   4025.993968
1.489432   394.720493   1616.717534   3626.933969   3950.673081
1.495682   346.089264   1588.591432   3597.549490   4051.634894
1.501932   282.483034   1553.571517   3575.872450   4086.273849
1.508182   360.106079   1556.823239   3586.380641   4132.449267
1.514432   294.928644   1532.642822   3270.240213   4038.398458
1.520682   394.048414   1559.661626   3140.403207   3978.202860
1.526932   432.594296   1580.253345   3221.884207   3765.752214
1.533182   435.916580   1591.550928   3125.786082   3679.978079
1.539432   446.007108   1515.769028   2909.159063   3652.196576
1.545682   453.434048   1517.654958   3155.401003   3656.197527
1.551932   465.613492   1509.116361   2802.309962   3792.556718
1.558182   471.972680   1494.788168   2420.001385   4223.312868
1.564432   469.292143   1477.394798   2477.917785   4912.502223
1.570682   469.617613   1463.343754   2606.671122   5024.467498
1.576932   462.425560   1452.197373   2721.203871   4679.992425
1.583182   446.395986   1449.403373   2733.402195   4451.735853
1.589432   426.886975   1456.630242   2754.455448   4919.014077
1.595682   409.467251   1455.880926   2695.071919   4624.543278
1.601932   388.884942   1462.005516   2558.060605   4480.894313
1.608182   404.333907   1466.723602   2585.962859   4856.252153
1.614432   435.905974   1493.373240   2619.029346   4741.107083
1.620682   423.215346   1519.182792   2567.534277   4247.769866
1.626932   421.907943   1539.676819   2417.423920   4118.850588
1.633182   421.970579   1610.993571   2497.917473   4119.407172
1.639432   353.658901   1667.780812   2501.987902   4087.470905
1.645682   340.176641   1674.714866   2403.735794   4083.580500
1.651932   345.602524   1653.304063   2529.619467   4111.414204
1.658182   369.520329   1691.509904   2590.178455   4729.026320
1.664432   378.142306   1746.030176   2694.481393   4748.230666
1.670682   402.519006   1736.597185   2698.921611   4836.045550
1.676932   403.874069   1691.682889   2648.305478   4911.596038
1.683182   413.569243   1672.263252   2593.310809   4947.463351
1.689432   440.918517   1619.452056   2587.984973   4927.376673
1.695682   428.109961   1650.873744   2425.782873   4937.564259
1.701932   390.035626   1181.797284   1986.248090   4947.551287
1.708182   365.605714   1212.764352   2030.363616   4916.278490
1.714432   358.473087   1215.887861   2037.231519   4876.346691
1.720682   366.794916   1270.333279   2012.128405   5009.424763
1.726932   349.641416   1267.941615   2023.238334   4945.686694
1.733182   347.450837   1208.147831   2033.720031   4922.719962
1.739432   354.638307   1256.910890   2031.965497   4944.599177
1.745682   356.930736   1257.721356   2037.939040   4916.690107
1.751932   367.656937   1255.889971   1998.079012   4939.575087
1.758182   356.058032   1231.057277   2011.422675   4967.229437
1.764432   360.887991   1270.262243   2028.635141   4928.675175
1.770682   353.588324   1370.817907   2052.148321   4931.230675
1.776932   362.166057   1672.785165   2018.686892   4896.791313
1.783182   386.442439   1722.633714   2048.672877   5127.450962
1.789432   400.290927   1842.421458   2340.325884   3142.283255
1.795682   443.242458   2064.090747   3138.855741   4835.822947
1.801932   438.447452   2132.429512   3087.550500   4804.740190
1.808182   431.546152   2132.210309   2990.451968   4763.390296
1.814432   399.345853   2080.690114   2889.073937   4749.795656
1.820682   391.181712   1952.421369   2809.031973   4786.000050
1.826932   403.394936   1887.901451   2812.190056   4998.098948
1.833182   389.910519   1853.167436   2834.840373   4695.499253
1.839432   389.504030   1623.459888   2723.951550   4589.152437
1.845682   370.169384   1518.351196   2428.582994   4586.572981
1.851932   119.488169   1479.766245   2143.340935   4618.663194
1.858182   1063.665696   1496.580472   3258.710897   4633.456249
1.864432   981.761314   1485.639311   3227.530511   4652.771311
1.870682   923.587665   1472.430718   3026.758814   4677.133119
1.876932   713.989562   1451.160674   2768.730022   4676.369425
1.883182   786.268878   1481.219211   2811.313630   4243.826548
1.889432   585.584421   1523.321962   2851.620858   4213.758193
1.895682   597.559057   1552.546868   2877.481863   4655.683443
1.901932   599.667318   1550.910625   2860.231470   4241.621261
1.908182   619.105757   1542.263767   2851.139712   4679.484982
1.914432   644.668521   1525.668092   2851.939437   4656.959439
1.920682   672.733531   1493.355352   2845.454054   4670.746500
1.926932   673.381913   1476.928069   2847.064864   4670.473444
1.933182   719.287340   1481.842225   2840.380717   4767.101094
1.939432   703.640795   1472.328758   2853.961436   4736.458185
1.945682   736.533271   1459.312724   2883.729037   4707.302303
1.951932   732.951486   1442.964839   2900.808245   4626.867713
1.958182   740.641388   1430.731737   3003.155711   4645.336012
1.964432   744.212373   1430.522935   3038.110683   4667.514931
1.970682   735.062406   1414.942574   3029.729154   4575.148470
1.976932   728.830786   1388.626094   2928.151215   4585.188708
1.983182   714.254137   1384.828578   2911.992761   4536.690835
1.989432   718.805293   1389.161472   2911.328776   3787.735602
1.995682   722.791667   1397.842705   2902.788567   4628.624225
2.001932   738.987190   1422.814677   2917.946380   4665.661534
2.008182   737.904794   1416.891077   2829.485001   4714.803491
2.014432   735.631575   1415.394721   2815.189403   4707.697788
2.020682   765.502533   1437.639107   2792.839954   4646.964854
2.026932   752.584201   1426.719434   2842.378293   4690.910783
2.033182   816.878908   1442.006686   2872.794275   4691.772767
2.039432   767.507541   1444.062492   2911.011797   4663.085753
2.045682   760.782906   1478.359092   2911.744096   4647.366801
2.051932   749.290903   1482.719378   2930.157117   4620.248969
2.058182   739.490927   1452.877364   2997.466365   4606.272459
2.064432   784.287508   1438.955542   2911.562437   4619.968157
2.070682   734.319903   1406.453395   2964.724738   4645.221718
2.076932   710.266390   1412.112448   3100.728367   3434.821687
2.083182   719.527555   1425.610945   3046.073040   4959.912920
2.089432   781.879878   1416.710716   2984.617287   4924.658131
2.095682   725.937003   1433.600462   3002.598589   4974.051801
2.101932   648.058191   1428.057016   3002.398088   4417.853352
2.108182   528.351675   1278.275453   3097.598552   4495.123303
2.114432   420.056692   1275.334276   2878.742329   3852.139874
2.120682   338.989714   1273.099449   2629.396935   3810.075898
2.126932   363.896534   1301.938871   2596.810325   3785.394139
2.133182   376.180711   1454.014780   2676.744227   3838.005134
2.139432   313.065156   1674.665972   2723.382479   4165.661101
2.145682   263.258518   1672.178330   2657.296250   4091.459679
2.151932   557.015339   1715.806561   2696.551367   3975.665780
2.158182   584.212272   1860.570864   3093.081480   3951.354355
2.164432   805.543361   2078.595350   3260.621438   3601.028526
2.170682   956.819824   1830.437613   2950.344903   3850.415787
2.176932   848.177831   1724.466557   2777.333136   3972.754218
2.183182   722.741501   1842.998554   2768.313182   3937.659200
2.189432   716.275222   2129.461949   2618.169675   3726.404509
2.195682   796.774783   2143.988294   2946.856120   3622.441323
2.201932   741.717959   2138.865940   2516.290260   3856.979612
2.208182   633.418165   1877.370074   2777.032836   4088.350751
2.214432   662.037350   2042.618910   2964.307580   4082.311815
2.220682   767.952138   1874.808192   2859.416334   3808.298513
2.226932   880.022737   1641.259834   2957.676118   3699.527237
2.233182   859.810546   1721.528803   3099.132039   3584.460481
2.239432   1039.788033   1401.278057   2899.188288   3862.224053
2.245682   1149.104926   1515.339130   2627.069600   4032.951009
2.251932   1185.133900   1519.666118   2550.589289   4086.074353
2.258182   1123.093950   1725.061729   2781.152891   3970.122330
2.264432   1144.177720   1724.626089   2698.690735   3962.342955
2.270682   1315.776956   1555.832906   2688.559452   4011.974714
2.276932   982.553397   1763.065760   2858.070239   3988.620585
2.283182   905.560245   2291.751790   2856.591604   3992.553512
2.289432   781.562606   2294.616046   2969.354426   4141.594170
2.295682   1126.528226   2337.694009   3491.194939   4151.378902
2.301932   1019.934324   2294.931303   3273.590698   4098.771930
2.308182   1021.652124   2184.581853   2918.179460   3956.315655
2.314432   1107.827905   2176.786641   3129.832782   3950.124072
2.320682   1170.056395   2209.364338   3067.694450   4151.686109
2.326932   1180.830068   2369.276743   2896.863717   4099.845710
2.333182   1112.639089   2279.632012   3322.260349   4224.867030
2.339432   913.890249   2199.159153   3138.498610   4250.952571
2.345682   829.662441   2078.315787   3030.156875   4073.242159
2.351932   636.747879   1568.752313   2986.410134   4101.589604
2.358182   513.066173   1294.298019   2998.138441   4091.279504
2.364432   460.420203   1266.906608   2988.831631   4054.701111
2.370682   1106.146866   2983.601948   4021.619835   4485.394065
2.376932   1084.846303   3043.010463   4116.820257   4470.459637
2.383182   524.446753   1770.652494   2923.974233   4205.532974
2.389432   518.478629   2268.173593   2836.863416   4122.056084
2.395682   540.142417   1989.031500   2986.082304   4294.005940
2.401932   583.343491   1710.857712   3054.691400   4279.853009
2.408182   755.720264   1701.619402   3051.744358   4135.479506
2.414432   956.455354   1843.881395   3031.959567   4209.733181
2.420682   998.546593   2819.236245   3929.057423   4317.012056
2.426932   991.138017   2286.762562   3242.718911   4129.355345
2.433182   1057.959201   2108.327851   3192.159295   4185.969792
2.439432   1077.205808   2564.052930   3024.086193   3908.157857
2.445682   867.649094   2253.681559   3065.287415   4093.058503
2.451932   841.920922   2457.333657   3059.447470   4282.985046
2.458182   919.364534   2277.552949   3190.995915   4262.363296
2.464432   940.732087   2069.878293   3251.458778   4312.418343
2.470682   1136.147634   2139.738557   3122.667465   4114.540199
2.476932   1142.190058   2074.644795   3108.541167   4095.431250
2.483182   1093.062348   2075.195491   3237.404031   4147.818110
2.489432   1046.821544   2074.571118   3321.709003   4055.658095
2.495682   1121.049467   2017.461362   3236.621742   3929.212887
2.501932   1144.301195   1818.383130   3151.501689   3809.088334
2.508182   1172.095738   2010.917862   3249.187281   3644.221249
2.514432   1152.959341   2120.494943   3097.548635   3838.900469
2.520682   1151.667316   2076.609189   3042.339271   3962.925460
2.526932   1071.712379   1972.524532   3035.441070   4071.955551
2.533182   1080.220087   1971.315691   3055.918367   4011.799618
2.539432   1076.789304   2033.040059   2942.332080   4041.459773
2.545682   1087.597216   2054.427087   2935.080796   4047.397236
2.551932   1120.144278   2128.055503   2921.898728   3964.475761
2.558182   1058.633422   2336.606121   2887.119666   3978.690989
2.564432   987.399102   2473.312707   2944.161517   4026.280092
2.570682   973.330245   2421.023885   3057.844289   4242.220115
2.576932   1061.847199   2591.768706   3069.680384   4280.634905
2.583182   1130.850498   2743.199287   2957.511929   4210.879386
2.589432   1222.593912   2755.024756   3161.993640   4225.407048
2.595682   1303.223812   1569.846684   2817.503942   4175.781202
2.601932   1315.151307   2404.709821   2961.476289   4163.132556
2.608182   1070.592917   2502.749488   2921.187987   4296.008138
2.614432   950.743314   2384.314591   2919.593340   4397.342477
2.620682   1339.956709   2406.334954   2985.829442   4420.915518
2.626932   968.437019   1789.007665   2991.398952   4200.825763
2.633182   986.894315   2056.652808   2998.838146   4229.865288
2.639432   1124.501226   1882.642349   3142.816390   4253.224897
2.645682   1277.841358   2170.835183   3191.811155   4290.995350
2.651932   1146.992800   2395.063204   3585.811162   4424.772616
2.658182   1193.938030   2493.079651   3692.678636   4556.580003
2.664432   1348.220502   2517.112183   3498.177903   4280.698171
2.670682   1279.942523   2451.492956   3308.429253   4125.782684
2.676932   1599.142600   2508.675827   3615.565744   4186.920256
2.683182   1419.003832   2460.480391   3181.617210   4445.499837
2.689432   1392.543070   2289.712578   3215.479666   4357.003204
2.695682   754.836101   1663.479593   2953.961807   4174.548577
2.701932   714.589449   1708.449419   2964.436980   4053.710357
2.708182   788.253773   1805.735495   3051.330867   4109.570671
2.714432   997.534064   2027.647029   2918.979535   4111.344524
2.720682   1277.140188   1857.001515   2837.607859   4167.468200
2.726932   1229.099776   2463.483858   3165.757730   4366.984145
2.733182   1208.789130   2265.511083   2929.785388   4311.399522
2.739432   1386.623149   1443.013390   2982.113197   4258.039463
2.745682   1131.979203   1670.200245   2930.674039   4071.489410
2.751932   920.585672   1916.778492   2928.266697   4105.818160
2.758182   1155.187688   2332.733308   3549.651697   4728.106801
2.764432   1101.067651   2292.259277   3524.126644   4748.582087
2.770682   952.262125   2336.048666   3428.130154   3714.931520
2.776932   962.370479   2351.097508   3631.749290   4971.407691
2.783182   947.820802   2267.838058   3628.212651   4969.317304
2.789432   1163.285114   1255.921973   2875.551499   3870.262563
2.795682   1114.865712   1361.398826   2808.288389   3906.033372
2.801932   1051.992451   1663.330852   2738.123156   3939.235069
2.808182   990.354339   2325.862447   3398.800069   3626.368144
2.814432   997.054219   2158.196517   3362.678242   4878.096055
2.820682   899.795147   1894.012433   2964.454581   4183.515971
2.826932   941.951964   2117.620389   2800.499734   3937.397066
2.833182   949.549231   2127.447734   3401.068889   3826.537325
2.839432   823.704650   1923.871720   3165.890061   4410.067411
2.845682   842.239749   1862.002900   3055.798068   4410.829393
2.851932   932.413443   1910.116410   3104.952002   4685.481322
2.858182   958.831139   2125.792970   3178.273162   4685.104269
2.864432   998.504840   2174.829943   3132.828473   4644.405004
2.870682   972.317847   1934.876007   3051.245249   4387.730273
2.876932   1000.704373   1678.050375   2790.704951   3841.227141
2.883182   1009.528720   2074.589295   2402.486719   3730.184952
2.889432   1077.075128   2629.157403   3796.365671   4871.214043
2.895682   986.764324   1455.778380   2919.944144   4135.506112
2.901932   911.905503   1801.493331   3020.056954   3933.933171
2.908182   891.606404   1846.070553   2954.459066   3916.748036
2.914432   899.690021   1718.669735   3023.218185   3882.798160
2.920682   935.082653   1844.213752   2962.988873   3785.279304
2.926932   879.295500   1836.140579   2893.331294   4034.879038
2.933182   870.089629   1896.831181   2995.275894   4137.515587
2.939432   939.180956   1910.904695   2950.241459   4071.748495
2.945682   1000.966437   1849.007018   2951.314768   4102.431780
2.951932   1003.910380   1935.861883   3095.668552   4143.094893
2.958182   947.268299   1760.756689   2973.641258   3942.010614
2.964432   895.268233   1766.266307   3021.705210   3866.269523
2.970682   912.200324   1620.172068   2825.367283   3896.759581
2.976932   934.094886   2016.909915   2821.863332   3825.906137
2.983182   969.664697   2035.263608   3311.100288   4651.808453
2.989432   1003.187395   2127.185600   3147.171888   4072.265480
2.995682   1010.533892   2252.330075   3167.409171   4612.330602
3.001932   931.518019   2352.269731   2891.070024   4245.844958
3.008182   1095.570361   2752.394989   3661.043152   4944.168744
3.014432   1049.436963   2734.708582   3554.318530   4931.235242
3.020682   1061.797777   1893.099533   2846.650492   3872.641685
3.026932   1024.813655   1668.414156   3037.252280   3988.931306
3.033182   1033.672535   1615.517238   3089.305290   4059.236742
3.039432   1115.919072   2484.561664   3476.637860   4917.956025
3.045682   1110.704880   2509.854974   3506.496777   4813.741571
3.051932   1070.871443   2761.848114   3597.335970   4987.613559
3.058182   1038.108104   2279.257818   3445.857607   4967.070598
3.064432   986.954611   2307.144037   2651.583758   3571.117952
3.070682   942.299027   1703.907341   2887.816721   3927.330568
3.076932   905.392739   1951.687094   2989.590834   4485.086873
3.083182   931.685293   1941.803398   2966.272003   4693.651352
3.089432   1025.711878   1531.128539   2846.565370   3760.508069
3.095682   994.713568   1489.829397   2862.842490   3782.972686
3.101932   1105.567834   2531.197800   3562.498467   4971.325152
3.108182   1190.392266   2459.641158   3477.656175   4987.403460
3.114432   1181.703348   2300.301549   3384.819679   4725.000571
3.120682   999.318254   2175.813857   3347.443262   4619.330922
3.126932   605.702493   1146.437339   3046.616770   4558.624560
3.133182   646.635529   1126.243420   3044.342230   4414.882703
3.139432   1053.508096   2662.077607   3513.111098   4944.662840
3.145682   871.087501   1887.532841   3258.339429   4069.657811
3.151932   869.873723   1867.138905   3184.294723   4214.388584
3.158182   1019.904345   1444.375030   3059.590385   4118.911138
3.164432   765.475471   1160.393429   2909.381099   4606.241864
3.170682   729.045096   1274.855098   3003.562156   4632.700298
3.176932   1022.598280   1336.650841   3233.392815   4568.363664
3.183182   756.241307   1630.530556   3090.675262   4367.343637
3.189432   761.056064   1625.718494   1898.645400   4382.829877
3.195682   853.122026   1020.349933   1631.738438   4391.158477
3.201932   1014.237599   1640.810109   4294.985939   --undefined--
3.208182   510.206595   1461.583893   3235.953034   --undefined--
3.214432   1339.237260   2572.837397   3407.312207   --undefined--
3.220682   873.208982   1686.324741   2739.702401   4263.719453
3.226932   803.774516   1760.361519   2790.475470   4244.031774
3.233182   849.072551   1714.875716   2844.651864   4434.569945
3.239432   1090.026105   2126.461420   3249.576821   4309.469086
3.245682   1070.650627   1878.083891   3253.136785   4295.615831
3.251932   1075.248920   1884.143061   3270.487506   4331.065078
3.258182   1118.187833   2167.097730   3366.685891   4376.226891
3.264432   1139.646170   2169.777796   3399.520048   4421.973910
3.270682   1083.936225   2077.597099   3517.711099   4064.523063
3.276932   1034.866267   2040.126622   3093.945571   3464.369973
3.283182   1186.596168   2118.360189   3434.549439   4588.635965
3.289432   1177.372450   2389.821112   3385.955500   4375.876623
3.295682   1121.613705   2656.556592   3586.276068   4629.225224
3.301932   1069.566805   2598.285590   3442.369425   4869.557844
3.308182   984.307626   1442.054819   2949.488827   3760.326298
3.314432   1063.290209   1332.550368   3008.309554   3758.466162
3.320682   1141.310601   1154.432617   2957.776696   3867.149367
3.326932   1156.195949   1192.045040   2875.253613   3799.420812
3.333182   1191.973233   2341.892905   3495.665606   4609.493090
3.339432   1171.695763   2643.686238   3259.686758   4891.584696
3.345682   1132.599431   2610.465607   3669.833404   4957.471517
3.351932   992.967031   1084.018044   2618.860140   3663.921739
3.358182   989.994778   1777.881238   2808.693385   3637.179939
3.364432   1050.297761   1114.270078   2778.957471   3776.301200
3.370682   986.078913   1523.209665   2886.635108   3816.436128
3.376932   978.920388   1750.944018   2959.814443   3620.690559
3.383182   1052.683494   2081.389647   3072.702318   3469.176963
3.389432   998.740949   1777.140641   3373.543519   3689.824719
3.395682   872.432004   1608.502830   2903.353631   3839.689851
3.401932   883.050693   1592.128555   2901.955347   3850.566793
3.408182   1034.347890   1487.090793   2864.212360   3708.742646
3.414432   1096.632493   2535.424307   3340.874032   5032.764386
3.420682   976.497266   2043.910806   3088.179819   4589.674838
3.426932   1064.733983   2344.947384   3318.385700   4482.030978
