Time_s   Intensity_dB
0.044723   -300.000000
0.055390   -300.000000
0.066057   -300.000000
0.076723   -300.000000
0.087390   -300.000000
0.098057   -300.000000
0.108723   -300.000000
0.119390   -300.000000
0.130057   -300.000000
0.140723   -300.000000
0.151390   -300.000000
0.162057   -300.000000
0.172723   -300.000000
0.183390   -300.000000
0.194057   -300.000000
0.204723   -300.000000
0.215390   -300.000000
0.226057   -300.000000
0.236723   -300.000000
0.247390   -300.000000
0.258057   -300.000000
0.268723   -300.000000
0.279390   -300.000000
0.290057   -300.000000
0.300723   -300.000000
0.311390   -300.000000
0.322057   -134.066548
0.332723   -73.716396
0.343390   -62.011406
0.354057   -18.209702
0.364723   -10.890845
0.375390   -5.249679
0.386057   -0.492338
0.396723   5.109016
0.407390   11.125276
0.418057   16.704256
0.428723   20.892351
0.439390   23.386184
0.450057   25.704537
0.460723   28.273841
0.471390   29.600183
0.482057   29.115510
0.492723   26.399347
0.503390   21.723133
0.514057   15.564062
0.524723   9.386320
0.535390   7.942895
0.546057   8.411853
0.556723   8.953487
0.567390   9.505805
0.578057   10.402886
0.588723   11.316940
0.599390   13.813479
0.610057   17.458620
0.620723   19.845831
0.631390   21.463033
0.642057   25.934515
0.652723   34.220337
0.663390   40.252017
0.674057   41.898184
0.684723   38.704058
0.695390   30.596217
0.706057   20.492652
0.716723   14.102293
0.727390   12.549775
0.738057   12.379835
0.748723   11.855147
0.759390   11.078118
0.770057   10.591198
0.780723   10.186838
0.791390   10.157948
0.802057   10.781537
0.812723   10.976720
0.823390   9.602010
0.834057   7.331069
0.844723   5.706432
0.855390   6.665571
0.866057   7.185593
0.876723   4.808906
0.887390   -0.044861
0.898057   1.251797
0.908723   3.114114
0.919390   4.504747
0.930057   6.429461
0.940723   5.106375
0.951390   3.411006
0.962057   5.724341
0.972723   6.708457
0.983390   6.417102
0.994057   5.822948
1.004723   5.635049
1.015390   3.397924
1.026057   2.868505
1.036723   5.292012
1.047390   5.779037
1.058057   4.154785
1.068723   1.943017
1.079390   1.615138
1.090057   0.970445
1.100723   -3.013294
1.111390   -7.446008
1.122057   -0.887112
1.132723   2.375172
1.143390   1.834315
1.154057   3.822304
1.164723   6.245304
1.175390   4.988760
1.186057   2.287357
1.196723   4.949489
1.207390   6.856015
1.218057   7.653056
1.228723   9.181812
1.239390   10.333400
1.250057   10.241810
1.260723   11.107099
1.271390   21.004588
1.282057   29.315223
1.292723   46.371493
1.303390   56.884302
1.314057   62.092720
1.324723   64.231833
1.335390   65.726580
1.346057   67.306089
1.356723   68.247870
1.367390   68.538065
1.378057   68.673176
1.388723   68.813867
1.399390   68.950296
1.410057   69.096570
1.420723   69.250043
1.431390   68.936691
1.442057   67.944384
1.452723   66.483603
1.463390   64.638797
1.474057   62.300893
1.484723   59.240829
1.495390   56.913651
1.506057   57.426423
1.516723   59.701472
1.527390   64.081239
1.538057   67.988990
1.548723   70.044551
1.559390   70.594819
1.570057   70.195824
1.580723   69.040531
1.591390   67.024973
1.602057   63.923003
1.612723   60.060977
1.623390   57.182204
1.634057   55.534369
1.644723   57.285046
1.655390   61.310183
1.666057   64.441505
1.676723   66.142358
1.687390   66.304775
1.698057   65.362442
1.708723   64.912375
1.719390   65.419229
1.730057   65.507976
1.740723   64.821929
1.751390   64.097039
1.762057   64.061521
1.772723   64.408229
1.783390   64.831414
1.794057   64.590139
1.804723   64.138245
1.815390   64.102492
1.826057   63.915961
1.836723   62.622469
1.847390   60.299546
1.858057   58.620361
1.868723   58.188473
1.879390   59.802444
1.890057   65.557256
1.900723   70.647722
1.911390   73.448261
1.922057   74.741247
1.932723   75.363961
1.943390   75.634477
1.954057   75.815383
1.964723   75.708804
1.975390   75.125111
1.986057   73.823709
1.996723   71.701695
2.007390   69.633569
2.018057   67.903567
2.028723   65.854253
2.039390   63.393749
2.050057   61.256293
2.060723   59.891165
2.071390   58.736522
2.082057   56.834414
2.092723   53.566215
2.103390   49.800115
2.114057   45.982238
2.124723   41.190927
2.135390   35.467691
2.146057   29.482144
2.156723   23.019415
2.167390   16.332653
2.178057   13.583491
2.188723   14.555842
2.199390   15.555625
2.210057   15.353557
2.220723   14.710284
2.231390   15.928543
2.242057   18.234687
2.252723   18.122211
2.263390   14.554013
2.274057   11.067815
2.284723   10.392127
2.295390   11.760861
2.306057   16.942128
2.316723   21.625149
2.327390   25.004217
2.338057   33.195447
2.348723   41.879714
2.359390   46.513799
2.370057   47.646823
2.380723   46.152317
2.391390   43.285664
2.402057   40.472606
2.412723   36.694315
2.423390   31.803024
2.434057   31.146434
2.444723   33.276745
2.455390   35.632503
2.466057   39.149661
2.476723   41.998534
2.487390   43.056762
2.498057   42.439752
2.508723   41.100603
2.519390   39.477348
2.530057   37.254313
2.540723   34.989470
2.551390   32.415289
2.562057   28.012116
2.572723   21.414743
2.583390   14.526589
2.594057   11.122386
2.604723   10.367377
2.615390   10.011246
2.626057   9.905200
2.636723   10.040604
2.647390   10.575873
2.658057   11.156672
2.668723   11.422975
2.679390   11.957036
2.690057   12.729833
2.700723   12.874369
2.711390   12.238508
2.722057   11.812044
2.732723   11.671072
2.743390   11.340352
2.754057   11.023436
2.764723   10.917495
2.775390   10.597571
2.786057   9.865560
2.796723   10.356451
2.807390   10.879239
2.818057   10.276471
2.828723   9.553374
2.839390   9.515169
2.850057   9.871870
2.860723   9.920179
2.871390   9.309269
2.882057   8.449710
2.892723   8.671991
2.903390   9.094290
2.914057   8.801789
2.924723   8.483535
2.935390   8.882404
2.946057   9.179245
2.956723   9.343970
2.967390   9.677274
2.978057   9.964265
2.988723   10.006278
2.999390   9.668917
3.010057   9.255365
3.020723   8.961659
3.031390   8.858844
3.042057   8.392029
3.052723   8.013823
3.063390   8.556943
3.074057   9.061961
3.084723   7.910688
3.095390   6.860708
3.106057   5.773517
3.116723   3.025927
3.127390   3.453057
3.138057   6.086811
3.148723   8.251352
3.159390   8.443831
3.170057   5.999199
3.180723   0.291117
3.191390   -6.331965
3.202057   -12.206836
3.212723   -18.297825
3.223390   -12.759515
3.234057   -2.548171
3.244723   2.346160
3.255390   1.897518
3.266057   -3.888468
3.276723   -10.957754
3.287390   -7.004083
3.298057   -0.015079
3.308723   5.083465
3.319390   6.030845
3.330057   3.736182
3.340723   4.014511
3.351390   5.957878
3.362057   6.819926
3.372723   8.169545
3.383390   7.899738
3.394057   6.408999
3.404723   6.200113
3.415390   4.360582
