Time_s   Intensity_dB
0.047771   40.015493
0.058438   38.607733
0.069104   38.382882
0.079771   40.320691
0.090438   41.304394
0.101104   41.145407
0.111771   40.695868
0.122438   39.993955
0.133104   39.679925
0.143771   39.775851
0.154438   39.942997
0.165104   40.084144
0.175771   39.594938
0.186438   39.013301
0.197104   39.078183
0.207771   39.473681
0.218438   39.693358
0.229104   39.554401
0.239771   39.543819
0.250438   39.861240
0.261104   39.664903
0.271771   38.574783
0.282438   37.964296
0.293104   38.383662
0.303771   38.868603
0.314438   39.704604
0.325104   41.467426
0.335771   42.154640
0.346438   41.596756
0.357104   40.655537
0.367771   39.806914
0.378438   40.594960
0.389104   41.218395
0.399771   41.027652
0.410438   40.606648
0.421104   39.776415
0.431771   38.788452
0.442438   40.202767
0.453104   42.669006
0.463771   43.752293
0.474438   44.998709
0.485104   47.298304
0.495771   48.680266
0.506438   49.975375
0.517104   51.709623
0.527771   53.702873
0.538438   56.527596
0.549104   58.769017
0.559771   59.349477
0.570438   59.072500
0.581104   58.985371
0.591771   59.063911
0.602438   58.635651
0.613104   58.352181
0.623771   58.550820
0.634438   58.201918
0.645104   57.249183
0.655771   57.015668
0.666438   57.911417
0.677104   58.791955
0.687771   58.905401
0.698438   58.444483
0.709104   58.311355
0.719771   58.366356
0.730438   59.118316
0.741104   61.934476
0.751771   64.736006
0.762438   66.322527
0.773104   66.551673
0.783771   66.315833
0.794438   66.276981
0.805104   65.319250
0.815771   62.977503
0.826438   59.722524
0.837104   56.490539
0.847771   54.292118
0.858438   55.294677
0.869104   58.280510
0.879771   59.271075
0.890438   58.520775
0.901104   57.951914
0.911771   56.567801
0.922438   53.802593
0.933104   53.520700
0.943771   53.480366
0.954438   52.097012
0.965104   51.522634
0.975771   51.201746
0.986438   51.060953
0.997104   51.842631
1.007771   53.243315
1.018438   53.611838
1.029104   52.951703
1.039771   52.675244
1.050438   52.080123
1.061104   50.765556
1.071771   48.651181
1.082438   48.726437
1.093104   53.622234
1.103771   59.557084
1.114438   63.313694
1.125104   64.894545
1.135771   65.604035
1.146438   66.064586
1.157104   67.249380
1.167771   68.689562
1.178438   69.181420
1.189104   68.626178
1.199771   67.624821
1.210438   66.707118
1.221104   66.367869
1.231771   67.127936
1.242438   67.087891
1.253104   64.672467
1.263771   60.574661
1.274438   57.855038
1.285104   56.651821
1.295771   54.157105
1.306438   51.837672
1.317104   50.396340
1.327771   48.564927
1.338438   48.230463
1.349104   49.186192
1.359771   50.932612
1.370438   50.908225
1.381104   48.196974
1.391771   45.866010
1.402438   45.419026
1.413104   45.079200
1.423771   45.010625
1.434438   46.344421
1.445104   46.839992
1.455771   45.774088
1.466438   44.243932
1.477104   42.846091
1.487771   42.316716
1.498438   42.644316
1.509104   43.183298
1.519771   42.424518
1.530438   40.563354
1.541104   39.953847
1.551771   41.459965
1.562438   42.702454
1.573104   43.715556
1.583771   44.594770
