Time_s   Intensity_dB
0.043635   -300.000000
0.054302   -300.000000
0.064968   -300.000000
0.075635   -300.000000
0.086302   -300.000000
0.096968   -300.000000
0.107635   -300.000000
0.118302   -300.000000
0.128968   -300.000000
0.139635   -300.000000
0.150302   -300.000000
0.160968   -300.000000
0.171635   -300.000000
0.182302   -300.000000
0.192968   -300.000000
0.203635   -300.000000
0.214302   -300.000000
0.224968   -300.000000
0.235635   -300.000000
0.246302   -300.000000
0.256968   -300.000000
0.267635   -300.000000
0.278302   -300.000000
0.288968   -300.000000
0.299635   -300.000000
0.310302   -300.000000
0.320968   -300.000000
0.331635   -74.637125
0.342302   -58.963753
0.352968   -23.813703
0.363635   -11.166502
0.374302   0.005300
0.384968   7.787450
0.395635   15.635714
0.406302   21.250702
0.416968   24.437456
0.427635   27.722000
0.438302   31.509106
0.448968   34.223287
0.459635   35.494421
0.470302   35.256005
0.480968   35.577126
0.491635   37.780043
0.502302   39.100389
0.512968   38.888841
0.523635   38.762340
0.534302   39.742751
0.544968   39.933519
0.555635   39.747313
0.566302   39.545075
0.576968   39.183233
0.587635   40.460682
0.598302   46.113584
0.608968   49.534255
0.619635   48.193749
0.630302   42.413574
0.640968   39.459670
0.651635   40.500598
0.662302   39.421530
0.672968   37.700315
0.683635   37.646328
0.694302   37.926742
0.704968   38.290087
0.715635   43.406262
0.726302   48.157948
0.736968   54.265022
0.747635   63.003385
0.758302   67.790888
0.768968   69.320586
0.779635   70.876179
0.790302   72.543357
0.800968   73.070794
0.811635   72.980953
0.822302   73.139078
0.832968   74.007601
0.843635   75.089487
0.854302   75.939956
0.864968   76.282998
0.875635   76.238204
0.886302   75.950369
0.896968   75.896674
0.907635   76.179445
0.918302   76.224525
0.928968   75.823588
0.939635   75.216367
0.950302   74.164208
0.960968   72.777527
0.971635   71.843156
0.982302   71.434238
0.992968   71.145344
1.003635   71.231525
1.014302   72.393112
1.024968   74.111910
1.035635   75.175237
1.046302   75.808933
1.056968   76.174231
1.067635   76.048736
1.078302   75.434231
1.088968   74.262999
1.099635   72.422723
1.110302   70.722433
1.120968   70.319904
1.131635   71.020613
1.142302   71.730442
1.152968   72.301134
1.163635   73.087694
1.174302   73.563034
1.184968   73.280519
1.195635   72.622134
1.206302   71.801413
1.216968   71.260543
1.227635   70.873946
1.238302   70.352200
1.248968   70.197270
1.259635   69.984049
1.270302   69.518918
1.280968   69.705692
1.291635   70.267996
1.302302   69.988460
1.312968   69.206464
1.323635   67.976742
1.334302   66.392546
1.344968   65.000368
1.355635   64.178276
1.366302   64.577089
1.376968   67.091125
1.387635   70.500132
1.398302   72.395171
1.408968   72.257193
1.419635   71.877339
1.430302   72.617271
1.440968   73.459279
1.451635   73.722737
1.462302   73.627195
1.472968   73.287347
1.483635   72.889935
1.494302   72.468306
1.504968   72.173224
1.515635   72.090992
1.526302   71.405228
1.536968   69.943667
1.547635   68.040577
1.558302   66.036814
1.568968   64.176301
1.579635   62.318672
1.590302   60.051787
1.600968   56.673248
1.611635   53.813793
1.622302   54.019595
1.632968   56.175278
1.643635   57.206668
1.654302   55.335581
1.664968   52.393862
1.675635   50.897624
1.686302   48.894783
1.696968   45.720035
1.707635   43.772513
1.718302   43.586853
1.728968   43.845063
1.739635   43.962782
1.750302   43.534341
1.760968   42.315778
1.771635   40.468937
1.782302   40.422134
1.792968   40.974170
1.803635   39.815520
1.814302   37.972423
1.824968   36.996655
1.835635   36.938706
1.846302   36.425527
1.856968   35.495573
1.867635   35.390784
1.878302   35.648061
1.888968   36.459568
1.899635   36.855888
1.910302   35.400519
1.920968   34.242531
1.931635   34.829579
1.942302   34.841555
1.952968   34.472271
1.963635   35.086928
1.974302   35.683685
1.984968   35.189525
1.995635   34.218298
2.006302   32.511466
2.016968   31.558472
2.027635   32.317898
2.038302   33.136725
2.048968   33.716040
2.059635   32.875566
2.070302   31.511946
2.080968   32.023888
2.091635   33.477402
2.102302   34.208659
2.112968   34.104981
2.123635   33.439465
2.134302   33.504864
2.144968   34.732164
2.155635   35.673988
2.166302   34.840958
2.176968   33.527673
2.187635   33.140039
2.198302   33.591146
2.208968   33.947697
2.219635   34.854373
2.230302   34.818580
2.240968   33.947715
