Time_s   F1_Hz   F2_Hz   F3_Hz   F4_Hz
0.026677   1453.809668   2777.047214   5437.126930   --undefined--
0.032927   1485.383041   2827.257612   5437.130354   --undefined--
0.039177   1462.533868   2791.150020   5437.127932   --undefined--
0.045427   1463.875469   2792.641968   5437.127994   --undefined--
0.051677   1484.971721   2826.782130   5437.130221   --undefined--
0.057927   1453.224380   2776.422531   5437.126726   --undefined--
0.064177   1477.043062   2813.709815   5437.129260   --undefined--
0.070427   1475.762246   2812.184313   5437.129077   --undefined--
0.076677   1453.861748   2777.140994   5437.126562   --undefined--
0.082927   1485.408305   2827.325217   5437.129907   --undefined--
0.089177   1462.383554   2790.916889   5437.127372   --undefined--
0.095427   1463.995520   2792.838708   5437.127400   --undefined--
0.101677   1484.899130   2826.696278   5437.129506   --undefined--
0.107927   1453.161746   2776.347470   5437.125923   --undefined--
0.114177   1477.159797   2813.925916   5437.128397   --undefined--
0.120427   1475.629497   2811.964545   5437.128068   --undefined--
0.126677   1453.933644   2777.241184   5437.125485   --undefined--
0.132927   1485.456405   2827.401613   5437.128719   --undefined--
0.139177   1462.235903   2790.686689   5437.126033   --undefined--
0.145427   1464.144936   2793.083257   5437.125992   --undefined--
0.151677   1484.835521   2826.585897   5437.127929   --undefined--
0.157927   1453.108174   2776.237254   5437.124206   --undefined--
0.164177   1477.316381   2814.142053   5437.126568   --undefined--
0.170427   1475.448447   2811.673684   5437.126021   --undefined--
0.176677   1454.000526   2777.329599   5437.123306   --undefined--
0.182927   1485.510158   2827.453368   5437.126350   --undefined--
0.189177   1462.048394   2790.366150   5437.123416   --undefined--
0.195427   1464.318808   2793.344025   5437.123218   --undefined--
0.201677   1484.722030   2826.416479   5437.124864   --undefined--
0.207927   1453.002092   2776.094123   5437.120878   --undefined--
0.214177   1477.452641   2814.408877   5437.122994   --undefined--
0.220427   1475.192909   2811.306968   5437.122056   --undefined--
0.226677   1454.050734   2777.453054   5437.119038   --undefined--
0.232927   1485.498270   2827.501876   5437.121686   --undefined--
0.239177   1461.753566   2789.940464   5437.118258   --undefined--
0.245427   1464.525237   2793.694585   5437.117655   --undefined--
0.251677   1484.576832   2826.151599   5437.118685   --undefined--
0.257927   1452.863035   2775.846001   5437.114088   --undefined--
0.264177   1477.656995   2814.719388   5437.115566   --undefined--
0.270427   1474.816196   2810.703631   5437.113731   --undefined--
0.276677   1454.134673   2777.578201   5437.109878   --undefined--
0.282927   1485.511487   2827.529214   5437.111484   --undefined--
0.289177   1461.320644   2789.210591   5437.106763   --undefined--
0.295427   1464.826389   2794.141046   5437.104877   --undefined--
0.301677   1484.225867   2825.595455   5437.104151   --undefined--
0.307927   1452.544003   2775.358582   5437.097620   --undefined--
0.314177   1477.885871   2815.127659   5437.096856   --undefined--
0.320427   1474.073951   2809.482006   5437.092024   --undefined--
0.326677   1454.170663   2777.606088   5437.084821   --undefined--
0.332927   1485.332152   2827.276135   5437.082135   --undefined--
0.339177   1460.220744   2787.523714   5437.071757   --undefined--
0.345427   1354.011134   2795.415912   5437.069509   --undefined--
0.351677   953.635134   1816.041644   2777.485597   5448.959853
0.357927   1466.087837   2470.020421   3315.519653   --undefined--
0.364177   1069.527222   1900.391545   3002.982438   3871.118394
0.370427   969.231485   2140.319264   3021.829381   3770.834055
0.376677   1049.526249   1877.243765   2930.030000   3894.122158
0.382927   1296.683579   2018.424786   2816.679265   4464.831273
0.389177   1322.491459   2198.974841   2839.695116   4481.928195
0.395427   1284.176934   1872.485184   2840.996325   4455.450647
0.401677   1222.524379   1777.348132   2987.359829   4295.620712
0.407927   1536.079797   2431.383736   3032.690878   4284.326849
0.414177   417.150407   1554.105623   2864.417980   4251.857968
0.420427   687.540674   1515.721922   2698.702554   4073.705783
0.426677   1132.447047   2525.389310   2842.743130   4197.886782
0.432927   539.329510   1441.281154   2729.579317   4024.366627
0.439177   366.421471   1523.291352   2859.289313   3857.207174
0.445427   1546.878508   2793.399502   3740.171130   --undefined--
0.451677   776.067605   1651.688138   2820.359767   4221.341122
0.457927   1542.839515   2785.192645   4222.116298   --undefined--
0.464177   324.906060   1495.659842   2855.387405   4042.452173
0.470427   312.955289   1490.378147   2750.692020   3850.039852
0.476677   467.809060   1379.412066   2649.688782   3788.536690
0.482927   482.284977   1343.769058   2780.564382   4039.568382
0.489177   310.539952   1474.488172   2637.603233   4033.068820
0.495427   304.344493   1585.443786   2590.266631   4006.262589
0.501677   1436.797884   2599.560243   4363.717996   --undefined--
0.507927   1289.251019   2224.506506   2849.260753   4542.126769
0.514177   1325.804660   1911.230326   2898.490991   4552.638010
0.520427   1433.346029   1982.337606   3091.161716   4342.734493
0.526677   1368.955640   2616.132613   3971.972066   --undefined--
0.532927   338.158753   1350.464136   2729.195198   4031.560237
0.539177   348.926185   1333.439118   2661.068105   3974.595297
0.545427   163.748761   1402.394929   2685.299956   4187.008841
0.551677   1172.101911   2211.648601   3002.879071   4379.320946
0.557927   1181.450972   2347.505570   3117.796676   4324.624461
0.564177   1260.887213   2516.603929   2567.913335   4134.500649
0.570427   1297.616176   2593.203059   4029.944919   --undefined--
0.576677   301.744428   1431.442053   2670.772331   4023.843485
0.582927   300.621950   1532.580353   2686.302580   4276.276934
0.589177   1198.848736   1646.202195   2712.461723   4255.325517
0.595427   1257.189407   1398.442404   2676.444463   4148.258687
0.601677   1324.424454   2318.508902   2996.532707   4005.449015
0.607927   984.307549   1799.092189   2879.527950   3701.610284
0.614177   952.089996   1766.557634   2877.850095   3671.720576
0.620427   529.847662   1528.570195   2951.070236   3725.547487
0.626677   239.236908   1408.786654   2971.718403   4321.330151
0.632927   1447.158608   2748.946849   4106.174019   --undefined--
0.639177   357.709558   1541.752010   2727.053143   4075.172933
0.645427   393.676589   1539.319181   2772.273665   4200.871407
0.651677   284.183717   1442.826015   2666.357952   4142.048084
0.657927   172.468956   1489.942597   2680.327150   3974.300272
0.664177   421.969401   1525.689013   2837.998066   4261.664473
0.670427   400.174673   1494.801214   2828.208941   4331.580846
0.676677   366.530236   1537.846605   2656.899189   3635.197846
0.682927   352.834774   1550.862608   2656.823280   3764.336233
0.689177   1397.803946   2700.979948   3927.148668   --undefined--
0.695427   1276.414000   1637.327739   2565.534354   4245.792712
0.701677   1032.126834   2422.790104   2622.379022   4355.295007
0.707927   1097.143949   2646.492469   3512.624500   5084.995904
0.714177   1024.568741   2405.301770   2954.253086   4584.662212
0.720427   1223.852650   1993.852249   2934.385163   4640.140829
0.726677   997.686816   1879.104834   2933.473298   3662.300441
0.732927   897.505122   1811.306842   2934.351466   3142.570675
0.739177   845.680149   1750.368691   2805.624124   3544.129095
0.745427   967.251536   1701.547927   2735.253826   3608.640474
0.751677   1634.361640   2770.346851   3642.663596   --undefined--
0.757927   262.191237   1835.704362   2846.897983   3915.402988
0.764177   288.610617   1975.893822   2909.265427   3965.288729
0.770427   275.803261   2245.311179   2931.080068   3582.737612
0.776677   281.771168   2248.193424   2918.954284   3551.171266
0.782927   293.914997   2253.184950   2886.500672   3602.005865
0.789177   286.786772   2240.086094   2903.035017   3438.769471
0.795427   292.241493   2222.971825   2901.228538   3396.345503
0.801677   301.570088   2226.529832   2888.558258   3397.428370
0.807927   292.833889   2182.732985   2842.861116   3249.449328
0.814177   316.125065   2172.299300   2824.830501   3132.059668
0.820427   330.674673   2180.710287   2726.695574   3215.447624
0.826677   339.183439   2159.468543   2697.090995   3219.802482
0.832927   353.994352   2076.273956   2669.273469   3251.971547
0.839177   374.413810   2024.678338   2639.613255   3209.618960
0.845427   379.192098   1993.683259   2597.504308   3131.241482
0.851677   373.403106   1967.467468   2590.179382   3210.432967
0.857927   389.504926   2066.468817   2662.235670   2840.100586
0.864177   390.412302   2050.246406   2501.099334   2906.363799
0.870427   391.955459   1784.572824   2507.205300   3105.396335
0.876677   374.072507   1724.318714   2526.576690   3141.605076
0.882927   355.039116   1686.832384   2584.036543   3189.369554
0.889177   349.701581   1671.779742   2566.419138   3454.998596
0.895427   346.874381   1661.470929   2551.229961   3195.163682
0.901677   335.180525   1589.888109   2356.474799   3136.407988
0.907927   330.020410   1551.247361   2345.215947   3143.576645
0.914177   320.389659   1514.192001   2478.030741   3202.099517
0.920427   311.506292   1564.280308   2513.794058   3323.517867
0.926677   320.036439   1634.840198   2484.023109   3331.510465
0.932927   336.534021   1560.030969   2517.420047   3489.633866
0.939177   348.820729   1554.096474   2505.940159   3576.006587
0.945427   362.503069   1938.674608   2644.451914   3727.142339
0.951677   368.303574   1590.000046   3502.596814   3981.251759
0.957927   365.258405   1574.405857   3447.912828   4242.804060
0.964177   398.123449   1651.405908   3541.054165   4351.072180
0.970427   398.415761   1855.345676   3683.375813   4186.545544
0.976677   380.416698   2187.958690   3614.821433   4582.900734
0.982927   322.526439   2073.195642   3621.986960   4357.696275
0.989177   331.258005   1988.857409   3633.510743   4300.746308
0.995427   353.569129   1963.930941   3596.206034   3898.521327
1.001677   311.175144   1936.574691   3577.608661   4205.029104
1.007927   326.544984   1784.784792   3606.538647   3621.815850
1.014177   383.572912   1502.940544   2777.413810   3597.856100
1.020427   455.306166   1625.058314   2935.167057   3337.878664
1.026677   540.545070   1944.796412   3265.441720   4511.353726
1.032927   505.094563   1526.777098   2734.478544   4351.844713
1.039177   484.909307   1441.579721   2691.827073   4388.631538
1.045427   479.300677   1443.773116   2891.680091   4223.079184
1.051677   466.141527   1450.613038   2910.792345   3601.797109
1.057927   454.472038   1399.881225   2719.469714   3523.573744
1.064177   444.405559   1402.813230   2784.112236   4121.202164
1.070427   437.349147   1397.544730   2794.187123   4511.022958
1.076677   416.468370   1376.035118   2711.488661   4085.218737
1.082927   418.305353   1374.445442   2661.989650   3593.552892
1.089177   413.588425   1377.347710   2598.778348   3613.580104
1.095427   396.174349   1412.387778   2528.182133   3615.398360
1.101677   352.220286   1444.387311   2562.586435   3721.947942
1.107927   363.596089   1495.132278   2575.379168   3698.434495
1.114177   357.548130   1491.126518   2578.733701   3683.558578
1.120427   329.666418   1504.467159   2556.079686   3627.422986
1.126677   291.429252   1554.125638   2496.842975   3714.159562
1.132927   282.954834   1645.993228   2495.831102   3746.615750
1.139177   359.782510   1685.705836   2468.316667   3781.345898
1.145427   378.748119   1911.912186   2406.984533   3719.776856
1.151677   386.671634   2203.375200   2461.173794   3723.154976
1.157927   377.886796   2259.886129   2469.737479   3683.350566
1.164177   378.643823   2340.278060   2718.574369   4990.531442
1.170427   391.040836   1652.417887   2409.936876   3162.278231
1.176677   406.978291   1345.710187   2409.650232   3432.428606
1.182927   405.483159   1215.549877   2458.774936   3679.084427
1.189177   402.543999   432.928543   2391.238160   4250.947058
1.195427   343.807449   482.634179   2353.156123   3841.597086
1.201677   299.781019   1075.393288   2336.077896   3947.931560
1.207927   286.856527   1231.308533   2285.616620   4094.538758
1.214177   330.246082   1310.300293   2321.432121   3778.445474
1.220427   371.074388   2196.568331   2380.122565   4905.173015
1.226677   322.319745   1565.320815   2226.987995   5004.978718
1.232927   318.625561   1253.979097   2233.530756   4305.316581
1.239177   354.044315   2151.902927   2429.316076   4869.249199
1.245427   345.874752   892.541630   2179.870995   4586.599815
1.251677   330.639707   931.675697   2164.430620   4335.531643
1.257927   306.267722   1205.758187   2154.041357   4240.380660
1.264177   313.200617   1228.305012   2153.710732   4395.164571
1.270427   311.043802   1239.697012   2140.320658   4766.362873
1.276677   328.087488   1294.567668   2195.802435   4212.941108
1.282927   361.492450   1361.034213   2386.800315   3400.281926
1.289177   397.831358   2344.663007   2752.947498   4959.814846
1.295427   385.712452   2319.287282   2762.275177   2963.968254
1.301677   375.580044   2342.954370   3087.270649   4796.288247
1.307927   386.227188   2358.126524   3043.536964   4791.808322
1.314177   395.227152   2333.159279   3057.855804   4716.699745
1.320427   394.987966   2057.305550   2740.750011   4762.553879
1.326677   394.686405   1836.035172   2711.033440   4467.034895
1.332927   396.584962   1789.934333   2690.673015   4342.140907
1.339177   392.455017   1768.310572   2687.594272   4532.211453
1.345427   400.566277   1823.699503   2891.439317   4886.825600
1.351677   384.385522   1683.350052   2609.871934   4862.500589
1.357927   348.367445   1579.270022   2359.927863   4899.275268
1.364177   304.539124   2121.786158   3770.604563   4960.482035
1.370427   2072.649849   2265.364621   3875.182775   5085.743702
1.376677   396.785662   1936.611595   2315.321879   3842.033605
1.382927   416.164887   1593.805857   2393.950810   3898.078331
1.389177   487.734942   1547.041784   2389.021954   4335.037769
1.395427   534.763855   1533.671812   2442.045659   4721.719561
1.401677   530.218081   1485.623548   2433.248526   4725.108292
1.407927   560.496030   1442.564411   2441.713459   4585.228364
1.414177   602.974328   1420.538819   2460.776987   4562.967288
1.420427   586.241755   1401.981645   2529.307502   4584.658691
1.426677   609.484919   1396.742425   2525.235530   4524.708898
1.432927   604.432130   1388.040951   2546.673456   4497.442364
1.439177   624.382445   1391.774284   2534.089506   4638.767782
1.445427   614.940011   1397.449523   2529.966795   4597.443114
1.451677   623.845126   1380.058635   2530.847557   4532.803749
1.457927   645.824763   1357.927288   2502.333692   4634.117188
1.464177   651.569097   1351.261996   2509.875700   4625.187360
1.470427   630.499237   1353.376123   2613.544630   4611.255752
1.476677   629.505526   1361.194613   2583.115037   4513.855197
1.482927   638.460453   1351.542911   2575.151395   4481.462305
1.489177   637.403232   1316.431579   2625.322065   4560.042464
1.495427   631.441979   1278.509020   2635.273754   4580.621101
1.501677   648.036696   1286.803780   2612.764001   4594.563698
1.507927   663.947111   1317.691254   2680.395756   4559.400565
1.514177   666.364639   1291.828409   2694.477755   4552.466043
1.520427   656.549871   1346.332560   2752.125563   4550.233831
1.526677   571.507996   1300.703819   2721.437709   4557.023276
1.532927   400.614296   1285.981372   2621.987643   4569.814856
1.539177   267.611509   1301.049175   2652.675694   4563.780527
1.545427   194.696560   1208.015446   2764.925327   4618.054944
1.551677   590.681082   1223.962429   2705.769378   4587.018318
1.557927   714.571829   1281.573976   2709.504147   4588.821752
1.564177   727.428309   1258.789222   2742.513049   4526.735162
1.570427   532.553966   1275.909689   2733.899911   4515.971494
1.576677   260.429383   1304.560357   2707.643887   4550.970270
1.582927   1011.857294   1513.196598   2719.559412   4617.706565
1.589177   689.123710   1307.430806   2727.749858   4658.777857
1.595427   545.711587   1283.585364   2759.541753   4718.914534
1.601677   503.736723   1266.261155   2828.650017   4684.989865
1.607927   487.600225   1270.692515   2651.026035   3691.143890
1.614177   464.137512   1235.232888   2942.110379   4444.502975
1.620427   544.189494   1304.915965   2870.549289   4580.749521
1.626677   527.327384   1289.365505   2829.647980   4512.933991
1.632927   498.753885   1432.727682   2999.494970   4397.144349
1.639177   1349.880582   2546.576388   3223.184249   4647.270202
1.645427   1316.106853   2598.787598   3156.020256   5093.712244
1.651677   1376.420744   2724.315966   3238.063440   4592.887656
1.657927   359.172550   1399.940962   2789.771090   4308.598010
1.664177   502.980604   1515.105191   2794.469090   4384.238837
1.670427   452.938025   1275.553132   2544.405555   4283.970398
1.676677   891.515431   1669.715359   2740.183713   4232.942965
1.682927   799.840379   1997.021958   3001.422512   4232.930668
1.689177   850.732123   1990.172928   2774.381230   4362.657225
1.695427   948.603657   1456.211426   2846.456878   4322.175133
1.701677   744.481630   1562.674144   2996.278415   4209.727504
1.707927   443.258505   1467.261663   2619.057875   4125.962218
1.714177   384.134645   1574.219667   2520.192248   4121.195676
1.720427   421.658684   1495.384887   2528.431497   4100.437015
1.726677   515.082389   1562.095132   2844.224427   4147.432950
1.732927   396.479546   1455.198429   2776.949194   3948.617795
1.739177   343.972347   1479.894362   2832.140941   4332.193544
1.745427   374.101572   1466.923260   2803.412162   4403.983094
1.751677   481.668118   1520.565221   2749.525452   4425.228015
1.757927   466.390809   1641.931021   2663.349634   4542.416688
1.764177   1202.396590   1670.583806   2676.500356   4432.976264
1.770427   947.999045   2131.840815   2801.456078   4442.638794
1.776677   1048.994981   2095.764911   2854.100813   4552.597877
1.782927   1222.771144   1943.115644   2635.671389   4437.578403
1.789177   1528.515445   2605.402733   4495.948213   --undefined--
1.795427   456.599043   1692.713612   2703.912316   4482.834572
1.801677   280.292850   1735.825772   2752.921132   4368.382314
1.807927   196.147816   1767.605605   2474.770178   4259.205859
1.814177   1003.389002   1954.889078   2805.750233   4521.131823
1.820427   1424.197736   2808.210077   3943.914191   4794.046232
1.826677   1359.145356   2216.385673   2878.034362   4874.545455
1.832927   1343.886433   1976.521602   3052.252250   5018.971572
1.839177   1566.600807   2618.257812   3487.141953   5361.983084
1.845427   707.577193   1765.555010   2995.771410   4408.787893
1.851677   932.221677   1955.859166   2963.832451   4554.087605
1.857927   1152.033254   2073.045706   3149.865777   4561.394661
1.864177   1081.965048   1720.827679   3167.702867   4269.638579
1.870427   1324.806639   2010.063776   2984.004162   4312.600440
1.876677   828.161187   2023.397372   2820.315557   4487.328680
1.882927   1264.425409   2257.005920   2904.352937   4118.096875
1.889177   1230.214638   1890.532311   3194.511299   4208.014276
1.895427   1111.611962   1717.235454   3053.566755   4392.426785
1.901677   318.638985   1610.629659   2813.409693   4098.307014
1.907927   660.248761   1554.301820   2641.749911   3960.874390
1.914177   672.191956   1714.953197   2569.697617   3926.958649
1.920427   1225.302055   1282.897569   2388.836750   3899.878228
1.926677   1339.904349   2355.273288   2531.420862   4261.068586
1.932927   434.031284   1831.729257   2653.197537   4288.238404
1.939177   536.827652   1851.944395   2771.135921   4090.085509
1.945427   532.823411   1802.607093   2810.501129   3972.079499
1.951677   943.687016   2039.937173   2950.422409   4208.826210
1.957927   1206.288846   2137.422697   3119.245406   4371.959381
1.964177   1153.370311   2153.513425   3011.212574   4286.460788
1.970427   1087.301153   2074.822400   3043.003970   4416.778882
1.976677   1115.552339   1838.399495   2999.014277   4515.527470
1.982927   1283.307797   1457.774740   2923.998204   4351.942552
1.989177   1214.986787   1909.763736   2947.616230   4319.686378
1.995427   858.270925   1938.228849   3040.001769   4418.745818
2.001677   1380.016052   2053.320388   2793.979598   4314.804857
2.007927   1220.078663   1942.667497   2754.048875   4337.079400
2.014177   1221.626970   1417.598450   2660.948008   4550.736699
2.020427   648.287277   1383.798863   2514.534074   3774.227116
2.026677   485.279557   1382.556309   2524.577753   3769.789183
2.032927   576.247544   1526.554652   2438.684503   3902.774435
2.039177   486.050790   1535.153602   2653.722736   4042.980014
2.045427   427.828629   1687.539960   2593.376459   3768.768710
2.051677   239.415873   1399.704450   2460.008998   3530.834185
2.057927   1140.336743   2306.622030   3177.681582   --undefined--
2.064177   451.195972   1378.475164   2549.248249   3176.140872
2.070427   600.647480   1505.326203   2670.129538   4183.868915
2.076677   581.618758   1514.461372   2761.789539   4098.491750
2.082927   743.513533   1403.540797   2664.226796   4124.847178
2.089177   303.516914   1462.715826   2521.945827   4064.813078
2.095427   396.258759   1530.699807   2678.016580   3437.496163
2.101677   352.439678   1425.431083   2728.128575   3507.547759
2.107927   1225.676898   2440.284797   2668.193040   4616.128112
2.114177   1238.084985   2412.725526   2895.539192   4670.937983
2.120427   1384.851379   2583.129961   3841.530350   5299.967469
2.126677   549.782689   1569.752970   2772.364640   4028.844864
2.132927   536.538206   1708.155640   2798.348556   4035.632145
2.139177   1466.759709   2062.529185   2824.442495   4367.375387
2.145427   870.285222   1563.916837   2694.113058   4043.779170
2.151677   974.751358   1577.113337   2696.862810   3960.612992
2.157927   844.896740   1530.116906   2687.321042   3970.889609
2.164177   782.462496   1505.351386   2704.500741   3883.347144
2.170427   684.816521   1716.380357   2738.713469   4106.021872
2.176677   676.637297   1754.690091   2715.050035   4078.870443
2.182927   877.596006   1764.061177   2799.436862   4084.924457
2.189177   893.332427   1594.937812   2756.640205   4022.286922
2.195427   639.552442   1714.162908   2913.362743   4067.948071
2.201677   487.843176   1636.811680   2856.702080   3920.838095
2.207927   1533.399158   2682.904164   4049.810877   --undefined--
2.214177   1200.519334   2247.847903   2665.711500   4256.493879
2.220427   1202.369308   1934.619702   2980.297143   4322.835333
2.226677   1150.869883   2162.315194   3032.376346   4324.443576
2.232927   1272.451586   2259.131628   2727.418155   4171.541813
2.239177   1220.682810   2200.298174   2803.245421   4309.596796
2.245427   1307.289049   2474.491850   2480.070774   4369.552229
2.251677   1330.316422   2094.486585   2626.890361   4347.832125
2.257927   1502.816607   1615.186812   2759.374545   4300.340135
