Time_s   F1_Hz   F2_Hz   F3_Hz   F4_Hz
0.025146   1319.048705   2557.812755   3727.526421   4774.906812
0.031396   276.518184   1362.004972   2688.504303   3739.096935
0.037646   1154.619119   2617.956393   3756.764181   4707.848846
0.043896   437.049211   1387.850620   2601.358522   3988.273658
0.050146   634.151600   1381.392028   2870.234199   4217.323784
0.056396   594.840797   1425.108143   2923.899349   4194.443263
0.062646   657.388733   1568.103928   2810.572889   4111.986543
0.068896   717.632874   1531.674446   2763.795389   4026.190767
0.075146   547.513731   1641.267904   2815.875739   4024.740776
0.081396   496.117545   1701.809451   2850.054326   3889.454571
0.087646   422.297951   1283.274845   2721.062962   3784.260832
0.093896   523.237810   1384.773844   2699.422404   3744.569341
0.100146   1366.677831   1864.170479   3487.062100   4432.035272
0.106396   601.369004   1620.251231   2709.523748   3751.588709
0.112646   536.027696   1450.158736   2682.712338   3611.153082
0.118896   1130.330262   2644.828058   3707.271553   4484.830321
0.125146   694.993654   1626.000048   2828.937765   3970.840489
0.131396   720.575841   1640.599539   2658.134765   3931.705450
0.137646   957.581369   2476.588255   3685.171453   4268.025843
0.143896   798.725976   1540.959600   2850.711307   3929.306214
0.150146   482.177497   1558.522229   2704.985752   3825.521129
0.156396   501.859789   1627.171594   2739.104044   3858.678332
0.162646   672.596596   1818.334713   3136.095747   3664.163272
0.168896   761.638813   1695.029449   3368.973084   3621.669207
0.175146   635.228084   1597.683078   3112.335467   3826.732457
0.181396   656.293697   1567.487596   2827.112059   3922.498217
0.187646   1143.615557   2290.316356   3703.486940   4537.922232
0.193896   1157.176090   2212.193208   3389.995098   4413.923106
0.200146   628.227971   1556.264367   2580.138553   3568.021019
0.206396   595.438272   1645.333098   2771.831946   4028.041583
0.212646   664.381388   1664.152509   2952.710972   4197.279890
0.218896   642.804130   1575.154257   2890.948122   4064.192367
0.225146   689.900339   1437.920778   2826.269803   3996.435987
0.231396   736.645353   1584.310540   2781.427369   3926.386150
0.237646   805.332308   1610.333650   2661.902106   3774.466547
0.243896   914.154589   1293.465736   2516.893561   3714.015491
0.250146   789.408888   1737.659564   3029.532020   3671.573694
0.256396   742.481124   1703.333479   3023.410607   4196.642864
0.262646   689.368123   1729.489608   3097.697353   3552.786185
0.268896   727.559516   1783.343636   2718.990640   3395.153191
0.275146   941.237245   2167.977658   3403.084633   4539.356066
0.281396   695.625500   1698.121088   2545.295681   3480.614084
0.287646   766.161784   1662.749577   3240.836004   4468.974799
0.293896   424.794360   1373.386973   3016.452891   3575.007177
0.300146   791.820385   1710.924433   2149.972195   3465.467115
0.306396   729.756564   1725.327950   1974.012344   3605.264594
0.312646   997.196845   1934.739736   3195.367262   4284.211282
0.318896   766.426466   1497.584768   2975.654958   4208.458438
0.325146   1430.298929   2320.427074   3281.973362   4278.395397
0.331396   1214.748995   1913.310875   3160.370900   4048.656678
0.337646   1175.608519   1908.141319   3128.690066   4064.169497
0.343896   1329.105106   2360.416745   3274.179357   4376.278185
0.350146   1412.665161   2392.910571   3197.775484   4388.972619
0.356396   1229.691284   2715.215418   3524.173600   4117.477503
0.362646   930.449515   1032.401923   2733.457377   4038.664032
0.368896   731.628205   1497.270889   2692.104329   4030.698706
0.375146   548.087499   1557.590170   2632.365017   3633.056620
0.381396   463.105623   1393.358757   2408.706631   3623.520681
0.387646   747.841439   2022.283119   3431.042290   4467.402339
0.393896   665.485821   1816.562594   3035.281517   4126.191320
0.400146   522.938452   1438.310558   2808.631925   4169.589783
0.406396   1148.447814   2368.981967   3335.402807   4303.598213
0.412646   744.721676   1008.268999   2566.469235   3459.154074
0.418896   725.103180   1761.532808   2769.414162   2919.531059
0.425146   1081.090801   2009.367415   3113.795829   4291.585929
0.431396   1083.649359   2045.499116   3050.974291   4309.122632
0.437646   606.724524   1403.861552   2718.074344   3640.515291
0.443896   751.368272   1670.182202   3105.204786   4233.758452
0.450146   1354.910219   1936.398559   2989.012709   4036.479027
0.456396   1350.888185   1955.759508   2972.015858   3956.510824
0.462646   1266.764762   1889.127385   3078.269972   3942.258117
0.468896   1346.859083   2021.905093   3154.995731   3989.758235
0.475146   1339.391799   2064.388448   2945.466164   3992.211836
0.481396   1266.984928   2063.596589   2914.131556   3998.759876
0.487646   1151.852513   2132.305393   2966.525113   3982.404904
0.493896   524.804405   2224.470694   2966.615714   3823.263848
0.500146   535.768956   2209.485058   2930.859845   3823.817734
0.506396   506.016921   2228.781738   2922.071949   3859.146334
0.512646   465.459821   2226.023413   2964.131500   3717.330227
0.518896   469.827547   2213.768256   2964.280181   3562.891137
0.525146   475.462878   2217.312479   2913.599824   3546.977113
0.531396   463.219547   2155.203074   2869.879219   3374.895758
0.537646   467.798629   2144.830462   2852.167882   3301.473126
0.543896   427.457685   2110.225537   2749.142762   3270.817224
0.550146   393.357278   2104.645538   2680.070897   3238.066005
0.556396   469.816296   2025.048181   2636.944259   3290.128317
0.562646   474.910211   1998.588089   2621.831037   3348.345520
0.568896   486.417719   1942.008211   2514.469806   3313.913585
0.575146   496.228211   1899.451323   2546.458434   3339.440787
0.581396   508.956144   1959.754310   2774.637910   2970.497432
0.587646   487.372027   1849.740294   2514.156029   3069.322704
0.593896   506.082850   1766.669029   2485.250520   3155.922202
0.600146   494.930437   1727.661156   2503.671967   3203.485268
0.606396   477.812198   1663.437719   2542.675388   3357.804437
0.612646   502.463437   1626.639582   2538.475716   3548.505375
0.618896   498.093169   1646.773794   2415.715517   3271.670583
0.625146   494.067595   1616.553858   2280.724919   3197.985002
0.631396   481.634357   1586.711870   2213.952843   3147.878908
0.637646   499.526408   1548.547564   2419.256117   3195.368691
0.643896   512.800965   1563.955414   2369.572133   3289.383814
0.650146   483.879147   1568.798403   2373.254994   3323.318139
0.656396   477.390313   1488.155913   2501.545266   3452.994539
0.662646   486.621336   1465.810370   2540.010491   3537.760155
0.668896   460.469385   1450.800031   2779.025553   3687.216610
0.675146   348.988238   1477.742795   3303.383563   3587.853033
0.681396   302.853164   1497.300469   2981.150672   3722.996480
0.687646   367.495275   1582.086042   2947.928957   3726.411296
0.693896   456.771393   1764.482181   3161.108113   3719.634389
0.700146   262.709794   1768.543372   2912.055570   3652.273337
0.706396   1580.794657   2092.124434   3685.083089   4245.638507
0.712646   1527.587765   2580.150329   3679.701960   4244.495563
0.718896   1578.170390   2293.818062   3641.446543   4291.173217
0.725146   1473.326692   2233.364930   3615.671727   4266.232764
0.731396   1453.371828   2366.456122   3617.995574   4328.735197
0.737646   715.552695   1492.680211   2557.419595   3542.621155
0.743896   523.292541   1486.279269   2216.714701   3353.190465
0.750146   231.589836   1477.588844   2194.854946   3362.658005
0.756396   555.652858   1441.837905   2585.607006   3773.279105
0.762646   619.443044   1409.202103   2564.143144   3573.403938
0.768896   426.353693   1401.007722   2214.443527   3359.518314
0.775146   542.414679   1403.796744   2376.906443   3313.749801
0.781396   579.987148   1396.761739   2617.267523   3373.994725
0.787646   390.338785   1384.313774   2877.205514   3111.227933
0.793896   491.602926   1384.652017   2788.638045   3493.103722
0.800146   505.822341   1375.985013   2673.723512   4283.562209
0.806396   484.558345   1368.040099   2633.529009   3702.429951
0.812646   475.768139   1360.676557   2584.140137   3685.623678
0.818896   469.846617   1379.785522   2545.289735   3631.946624
0.825146   471.292511   1411.376572   2603.071853   3769.691529
0.831396   487.036261   1457.308341   2584.038458   3760.009274
0.837646   468.600487   1502.818083   2586.481352   3706.903697
0.843896   493.467398   1499.157061   2531.518794   3782.755197
0.850146   491.549971   1464.279261   2468.777626   3690.761286
0.856396   331.404378   1417.137223   2488.245512   3691.693533
0.862646   505.008851   1571.145422   2479.792612   4031.077146
0.868896   483.459236   1687.396058   2430.893949   3994.609612
0.875146   464.338879   1833.069838   2471.030424   3866.749805
0.881396   470.904363   1864.409229   2471.089913   3441.104219
0.887646   482.060529   1834.906851   2401.081172   3142.916408
0.893896   478.130496   1740.695617   2458.590721   3397.043281
0.900146   464.589431   1544.568975   2461.075311   3414.152779
0.906396   478.035212   1425.691384   2473.300055   3670.626001
0.912646   468.680269   1416.568732   2452.104423   3784.558459
0.918896   511.655318   1360.688434   2441.833814   3996.933170
0.925146   1212.950687   1744.073822   2318.173409   4248.777701
0.931396   473.199221   1396.618535   2287.386975   4063.645997
0.937646   437.814445   1401.963810   2357.615852   3719.195271
0.943896   501.006330   1477.049980   2204.520661   3727.456004
0.950146   529.245107   1395.360735   2209.897209   3812.402121
0.956396   487.213356   1431.192471   2204.519618   3849.674508
0.962646   451.553393   1470.717515   2206.474446   3707.247275
0.968896   448.375545   1481.890236   2259.833215   3698.077149
0.975146   439.377545   1503.085000   2183.315517   3551.470728
0.981396   408.277813   1341.573790   2166.096613   3570.432198
0.987646   389.980507   1364.218620   2151.180976   3582.502311
0.993896   480.793831   1403.184350   2155.629706   3567.889510
1.000146   514.184103   1434.295287   2167.825675   3497.188004
1.006396   534.626314   1377.168061   2290.089971   3214.340383
1.012646   559.461412   1698.390337   2316.976401   3000.994375
1.018896   505.241516   2081.291269   2342.319481   3228.100536
1.025146   522.772219   2204.462238   2430.041786   3302.672084
1.031396   500.761880   2177.371358   2545.710974   3336.600807
1.037646   479.183681   2054.853130   2532.875536   3472.903279
1.043896   492.744251   1872.903469   2619.502344   3660.192477
1.050146   508.385398   1822.112007   2662.329338   3685.405443
1.056396   480.399443   1795.086635   2635.783584   3681.975884
1.062646   488.641477   1763.814689   2563.730452   3536.283357
1.068896   1193.801766   1990.340038   3242.877511   4743.714391
1.075146   1230.364245   2062.569690   3106.386829   4618.841669
1.081396   1254.719730   2198.565329   3628.916354   4481.564556
1.087646   1418.230529   2146.223251   3726.863277   4550.658120
1.093896   1781.966025   2118.173565   3772.169225   4608.994655
1.100146   460.028656   1694.841870   2170.680024   3759.855363
1.106396   483.490355   1491.822576   2203.718864   3708.523955
1.112646   1491.325346   2173.801763   3338.860863   4512.626163
1.118896   809.639597   1493.877832   2379.766122   4488.195912
1.125146   791.255434   1462.527835   2364.589490   4523.376401
1.131396   948.590397   1442.261307   2403.984056   4517.435175
1.137646   980.253918   1411.237076   2432.418473   4513.766023
1.143896   971.821957   1405.424274   2537.358141   4513.834174
1.150146   898.864280   1413.268703   2474.179918   4472.139678
1.156396   905.944561   1411.724263   2553.401628   4473.262539
1.162646   1066.152045   1413.077407   2640.879004   4546.182103
1.168896   984.688506   1413.416853   2593.053014   4508.875591
1.175146   950.019541   1392.169385   2539.896919   4493.352974
1.181396   1019.619930   1385.219030   2478.947849   4444.813338
1.187646   1040.520650   1392.589171   2530.939045   4570.654271
1.193896   1018.862041   1403.622151   2720.520522   4485.199999
1.200146   1071.904168   1401.591103   2671.326936   4437.549604
1.206396   1033.464518   1381.924849   2622.748197   4428.538380
1.212646   913.160055   1376.433086   2626.378124   4511.714167
1.218896   934.800515   1344.454376   2644.464794   4528.124212
1.225146   1074.759216   1351.735254   2666.252934   4498.710771
1.231396   1089.550474   1381.828006   2684.898159   4449.488802
1.237646   1118.436763   1359.141187   2710.194558   4463.100482
1.243896   1116.629597   1373.668982   2755.031550   4490.645427
1.250146   1032.980192   1360.877448   2706.007514   4494.905773
1.256396   1081.242483   1365.622523   2618.387193   4499.182515
1.262646   1014.864523   1341.737756   2667.400631   4523.475815
1.268896   1129.378088   1349.278919   2789.594251   4537.479932
1.275146   1052.885426   1395.616472   2729.205239   4484.505292
1.281396   966.104910   1396.440683   2697.644857   4463.081025
1.287646   1020.034032   1360.851075   2733.687014   4454.578734
1.293896   898.878977   1456.809413   2682.477690   4504.570078
1.300146   894.032213   1414.819389   2679.749671   4518.688764
1.306396   858.518920   1383.685644   2685.696529   4494.093660
1.312646   847.958607   1371.624652   2675.609592   4486.692361
1.318896   762.339904   1391.304382   2572.065350   4457.570791
1.325146   757.499302   1498.684561   2587.291607   4470.614325
1.331396   772.845750   1542.061388   2524.940485   4425.509519
1.337646   844.553023   1334.720478   2733.187422   4487.887091
1.343896   807.817211   1316.405197   2938.658228   4547.047019
1.350146   1007.559660   1296.692374   2958.395681   4375.323863
1.356396   1247.421715   1655.072848   3202.324895   4311.951050
1.362646   1380.046630   1975.099247   3233.242893   4279.613836
1.368896   1363.924306   1982.579797   3152.644439   4268.137698
1.375146   1318.092663   1931.338867   2936.173072   4267.614121
1.381396   847.913522   1308.611494   2642.073732   4283.727528
1.387646   876.508008   1343.175175   2602.095189   4350.646319
1.393896   1334.323319   2424.148317   2831.118493   4289.118684
1.400146   1289.935983   1930.612305   3755.912551   4646.382445
1.406396   1138.409652   1807.090531   3578.323585   4548.597958
1.412646   1027.726514   1498.467855   3367.964805   4533.673552
1.418896   732.552945   1216.009435   1586.155680   3338.328013
1.425146   1303.559262   2221.498782   3700.307453   4650.554684
1.431396   942.401972   2019.843339   2401.137120   4315.653904
1.437646   992.973171   1344.700726   2642.785832   4258.135014
1.443896   1366.604848   1639.264537   2557.079933   4174.096905
1.450146   1205.901462   2048.361461   3241.770743   4334.862495
1.456396   1220.858711   2091.910619   2771.124315   4288.486924
1.462646   1124.727731   2081.241510   2831.352358   4387.526137
1.468896   811.842626   1518.000477   2657.741113   4457.171984
1.475146   450.804896   1617.860911   2468.424902   3900.877578
1.481396   847.726381   1772.036296   3065.388690   4183.679608
1.487646   827.854467   1732.360380   3181.075134   4266.344211
1.493896   524.526980   1456.519434   2759.093178   4300.993898
1.500146   1180.103201   1992.887603   2876.316238   4335.891045
1.506396   1208.287778   1924.689596   2779.430948   4256.800377
1.512646   238.545855   1557.406326   2548.110413   4092.098235
1.518896   399.335738   1434.114348   2554.859453   3990.923825
1.525146   473.883933   1551.330649   2764.682728   4037.783010
1.531396   605.867614   1442.967168   2796.684904   4306.785364
1.537646   561.954384   1362.688257   2612.482542   3749.039323
1.543896   655.306548   1505.148638   2675.984415   3623.272587
1.550146   640.184392   1529.120850   2962.313589   4103.963839
1.556396   1288.577129   1464.406686   2988.235889   4249.045167
1.562646   506.190454   1590.263536   2548.546142   3490.639252
1.568896   547.162999   1457.822270   2528.787848   3721.928619
1.575146   409.840140   1380.940570   2383.089807   3577.114025
1.581396   362.698334   1477.068478   2158.056557   3571.407841
1.587646   396.117916   1614.046979   2410.239818   3861.215831
1.593896   431.789258   1719.527877   2279.244870   3427.741432
1.600146   819.543566   2135.633032   3248.412288   4546.758718
1.606396   475.459487   1484.889289   2427.260618   3593.224802
