Time_s   Intensity_dB
0.046574   -300.000000
0.057240   -300.000000
0.067907   -300.000000
0.078574   -300.000000
0.089240   -300.000000
0.099907   -300.000000
0.110574   -300.000000
0.121240   -300.000000
0.131907   -300.000000
0.142574   -300.000000
0.153240   -300.000000
0.163907   -300.000000
0.174574   -300.000000
0.185240   -300.000000
0.195907   -300.000000
0.206574   -300.000000
0.217240   -300.000000
0.227907   -300.000000
0.238574   -300.000000
0.249240   -300.000000
0.259907   -300.000000
0.270574   -300.000000
0.281240   -300.000000
0.291907   -300.000000
0.302574   -300.000000
0.313240   -300.000000
0.323907   -112.128249
0.334574   -69.282509
0.345240   -51.923593
0.355907   -18.294395
0.366574   -10.653038
0.377240   -2.774590
0.387907   3.908348
0.398574   8.827146
0.409240   12.223242
0.419907   15.155816
0.430574   19.983026
0.441240   24.320792
0.451907   25.823520
0.462574   25.625722
0.473240   25.331138
0.483907   25.701864
0.494574   27.177319
0.505240   28.439556
0.515907   28.857648
0.526574   29.645870
0.537240   30.887996
0.547907   31.483653
0.558574   31.672317
0.569240   31.391941
0.579907   31.169417
0.590574   31.763033
0.601240   32.969488
0.611907   33.463528
0.622574   33.019997
0.633240   32.101608
0.643907   31.819455
0.654574   31.891335
0.665240   32.986811
0.675907   34.709236
0.686574   35.215365
0.697240   34.322705
0.707907   35.553157
0.718574   35.728302
0.729240   33.033187
0.739907   31.937458
0.750574   32.847729
0.761240   32.523756
0.771907   32.093858
0.782574   32.116247
0.793240   31.435343
0.803907   30.336270
0.814574   30.356985
0.825240   31.275582
0.835907   31.298085
0.846574   31.472925
0.857240   31.744888
0.867907   32.593057
0.878574   33.714322
0.889240   33.721594
0.899907   32.584140
0.910574   33.286198
0.921240   46.999363
0.931907   58.265910
0.942574   63.738883
0.953240   65.333821
0.963907   67.066332
0.974574   69.109698
0.985240   70.179228
0.995907   71.550720
1.006574   72.907884
1.017240   73.603504
1.027907   73.767979
1.038574   73.859880
1.049240   73.951795
1.059907   74.126481
1.070574   74.362191
1.081240   74.605136
1.091907   74.435794
1.102574   73.874774
1.113240   73.172617
1.123907   72.609460
1.134574   72.169344
1.145240   71.131116
1.155907   69.441358
1.166574   67.623868
1.177240   66.160850
1.187907   64.684658
1.198574   62.874349
1.209240   62.178774
1.219907   65.540739
1.230574   68.921313
1.241240   70.663566
1.251907   71.850586
1.262574   72.701167
1.273240   72.833410
1.283907   71.781058
1.294574   69.140287
1.305240   65.335805
1.315907   63.423693
1.326574   65.605930
1.337240   68.629839
1.347907   71.056746
1.358574   72.411081
1.369240   72.540814
1.379907   71.656428
1.390574   70.698046
1.401240   70.325807
1.411907   70.238736
1.422574   70.330896
1.433240   70.618854
1.443907   71.150899
1.454574   71.787123
1.465240   72.286998
1.475907   72.806240
1.486574   73.197638
1.497240   73.232078
1.507907   73.032873
1.518574   72.498242
1.529240   71.092076
1.539907   68.646407
1.550574   66.439000
1.561240   66.013750
1.571907   66.286585
1.582574   67.236233
1.593240   69.897172
1.603907   72.251006
1.614574   73.259984
1.625240   73.370433
1.635907   73.017284
1.646574   72.506770
1.657240   71.809788
1.667907   70.828240
1.678574   69.276663
1.689240   67.574652
1.699907   67.131298
1.710574   66.956988
1.721240   65.722738
1.731907   63.785473
1.742574   61.695800
1.753240   60.049048
1.763907   59.022018
1.774574   58.042800
1.785240   56.325189
1.795907   53.902166
1.806574   51.866287
1.817240   51.666349
1.827907   52.463657
1.838574   52.700385
1.849240   52.651423
1.859907   52.304559
1.870574   51.238289
1.881240   49.898889
1.891907   48.262779
1.902574   46.648148
1.913240   46.500041
1.923907   47.178276
1.934574   47.041621
1.945240   46.587039
1.955907   45.828321
1.966574   44.582586
1.977240   44.141669
1.987907   43.925071
1.998574   42.790630
2.009240   42.389417
2.019907   42.870985
2.030574   42.454468
2.041240   42.404057
2.051907   42.923486
2.062574   41.886898
2.073240   40.307798
2.083907   39.676486
2.094574   39.598316
2.105240   39.524179
2.115907   38.667618
2.126574   38.389030
2.137240   39.783451
2.147907   39.826119
2.158574   38.388555
2.169240   37.423808
2.179907   36.780156
2.190574   36.210583
2.201240   36.444252
2.211907   36.139682
